gt pop_n1 pop_n2 pop_n3 pop_n4
0.000000000000000000e+00 0.000000000000000000e+00 0.000000000000000000e+00 0.000000000000000000e+00 0.000000000000000000e+00
1.570796326794896697e-02 2.467199161786458685e-04 9.866424617135766909e-04 2.219035481497591642e-03 3.942713623103232673e-03
3.141592653589793394e-02 9.866380441965613094e-04 3.942696030983528985e-03 8.856521964938621205e-03 1.570878357676471979e-02
4.712388980384690090e-02 2.219024032982658268e-03 8.856529307994466874e-03 1.985363536063573797e-02 3.511283064205206195e-02
6.283185307179586787e-02 3.942659466003301319e-03 1.570865619161272014e-02 3.511304432095573719e-02 6.184861445536855157e-02
7.853981633974482790e-02 6.155850066627799669e-03 2.447230798404306101e-02 5.449876455906156603e-02 9.549426127805143993e-02
9.424777960769380181e-02 8.856419129063975576e-03 3.511274151675927019e-02 7.783865808874261549e-02 1.355182158850145036e-01
1.099557428756427618e-01 1.204169024640567437e-02 4.758783733988800752e-02 1.049255840964712361e-01 1.812915251204978151e-01
1.256637061435917357e-01 1.570853276514557265e-02 6.184865046112199977e-02 1.355183730868818326e-01 2.320913521122219825e-01
1.413716694115406958e-01 1.985331831738627179e-02 7.783842903015660009e-02 1.693477146060859140e-01 2.871134878336717433e-01
1.570796326794896558e-01 2.447205880410976281e-02 9.549464022489480286e-02 2.061110968624690620e-01 3.454926760806144026e-01
1.727875959474386158e-01 2.955999470428539999e-02 1.147463908766676727e-01 2.454833550217964122e-01 4.063080792204276648e-01
1.884955592153876036e-01 3.511219934112408403e-02 1.355193007736008592e-01 2.871149268411730127e-01 4.686030491834748402e-01
2.042035224833365359e-01 4.112322248630453925e-02 1.577303670751419584e-01 3.306366524619370750e-01 5.313956285374729083e-01
2.199114857512855237e-01 4.758711361014764107e-02 1.812918089939304089e-01 3.756591997418372020e-01 5.936910857183488321e-01
2.356194490192344559e-01 5.449748451076780187e-02 2.061116866262943659e-01 4.217860796246392097e-01 6.545083555819641852e-01
2.513274122871834715e-01 6.184752998077307218e-02 2.320904940410871697e-01 4.686085502355903376e-01 7.128887995843640191e-01
2.670353755551324038e-01 6.962997222305691847e-02 2.591259270147845961e-01 5.157064138882889726e-01 7.679138043816635673e-01
2.827433388230813915e-01 7.783714737708086195e-02 2.871137538176623538e-01 5.626668142810298257e-01 8.187123372607901794e-01
2.984513020910303238e-01 8.646095254081576087e-02 3.159391129301206691e-01 6.090711893336608895e-01 8.644852651888970119e-01
3.141592653589793116e-01 9.549288036798832258e-02 3.454904326912828227e-01 6.545054061495175768e-01 9.045088608747715586e-01
3.298672286269282439e-01 1.049240189682161956e-01 3.756550849402870429e-01 6.985728280750642671e-01 9.381538203430455081e-01
3.455751918948772317e-01 1.147450596766966119e-01 4.063087110356952136e-01 7.408743113988687234e-01 9.648890779778498406e-01
3.612831551628262194e-01 1.249463108180473569e-01 4.373319979009372416e-01 7.810398196150069028e-01 9.842925146571023243e-01
3.769911184307752072e-01 1.355179370615805512e-01 4.686038469508774784e-01 8.187120957666738086e-01 9.960579179626329882e-01
3.926990816987241395e-01 1.464497301994392431e-01 4.999956779721077549e-01 8.535531044748754237e-01 9.999999996465702701e-01
4.084070449666730718e-01 1.577296944683130309e-01 5.313910514755567638e-01 8.852574127301153784e-01 9.960567299012086373e-01
4.241150082346220596e-01 1.693475178324282959e-01 5.626625779443114039e-01 9.135419513290590210e-01 9.842898083114993701e-01
4.398229715025710473e-01 1.812916626624754002e-01 5.936869378654794360e-01 9.381548190798653097e-01 9.648853742097394104e-01
4.555309347705200351e-01 1.935502617799234326e-01 6.243422810604558615e-01 9.588781247580441258e-01 9.381486818062076960e-01
4.712388980384689119e-01 2.061110931296124826e-01 6.545067625872659223e-01 9.755291879192767857e-01 9.045026496254028325e-01
4.869468613064179552e-01 2.189627073964479920e-01 6.840610831763966893e-01 9.879590528208371802e-01 8.644779124950375815e-01
5.026548245743669430e-01 2.320916184691797779e-01 7.128871493332814557e-01 9.960579429414282426e-01 8.187059879271028073e-01
5.183627878423158197e-01 2.454845743939922387e-01 7.408749276214778856e-01 9.997534329437607337e-01 7.679061466355868726e-01
5.340707511102648075e-01 2.591293895716416662e-01 7.679112641309707721e-01 9.990130489858741747e-01 7.128823605244323236e-01
5.497787143782137953e-01 2.730112360870058374e-01 7.938919783276757736e-01 9.938432865929293092e-01 6.545016859542014398e-01
5.654866776461627831e-01 2.871169358799741667e-01 8.187108200509721767e-01 9.842898132683138845e-01 5.936845126320848820e-01
5.811946409141116598e-01 3.014327705611145602e-01 8.422726751128275513e-01 9.704375274107001070e-01 5.313929914353928696e-01
5.969026041820606476e-01 3.159447994654493441e-01 8.644836916523354065e-01 9.524099264785731433e-01 4.686034235608806942e-01
6.126105674500096354e-01 3.306380520536468803e-01 8.852557038141679602e-01 9.303661886188212549e-01 4.063047249970640484e-01
6.283185307179586232e-01 3.454991608372330325e-01 9.045083277921148746e-01 9.045027852064340124e-01 3.454883752896167892e-01
6.440264939859076110e-01 3.605129557037670129e-01 9.221644929676693359e-01 8.750482289056779051e-01 2.871067233317892153e-01
6.597344572538564877e-01 3.756637748503169894e-01 9.381539967523218060e-01 8.422653257724551645e-01 2.320809941625668338e-01
6.754424205218054755e-01 3.909378730037645910e-01 9.524145536375586696e-01 8.064465770699900116e-01 1.812839390762089886e-01
6.911503837897544633e-01 4.063191764701477027e-01 9.648889541669070091e-01 7.679066083109470364e-01 1.355115867983859301e-01
7.068583470577034511e-01 4.217926549703949757e-01 9.755291003212362977e-01 7.269903515717139886e-01 9.548866930461287483e-02
7.225663103256524389e-01 4.373432553657765065e-01 9.842922665848117258e-01 6.840577319209973917e-01 6.184427144023027512e-02
7.382742735936013156e-01 4.529561927880665362e-01 9.911443110204403162e-01 6.394918775636920794e-01 3.510947364308276281e-02
7.539822368615504145e-01 4.686151094054773480e-01 9.960579155408515462e-01 5.936899244674581633e-01 1.570661780733901419e-02
7.696902001294992912e-01 4.843054216717600502e-01 9.990136599301793208e-01 5.470517465193918127e-01 3.941615981161292713e-03
7.853981633974482790e-01 5.000116819227641285e-01 9.999999995955725085e-01 4.999990627716830449e-01 1.432835568586316591e-09
8.011061266653972668e-01 5.157172516820663910e-01 9.990130555336557139e-01 4.529453533322593817e-01 3.943732313716761910e-03
8.168140899333461435e-01 5.314075972118690316e-01 9.960567232524439873e-01 4.063064695958433226e-01 1.571110474534954254e-02
8.325220532012952424e-01 5.470667835716573890e-01 9.911425298910201409e-01 3.605016039590385191e-01 3.511598508413387582e-02
8.482300164692441191e-01 5.626792874845312209e-01 9.842898986463411992e-01 3.159361582329444085e-01 6.185310327457281543e-02
8.639379797371931069e-01 5.782297342474007618e-01 9.755258977935417075e-01 2.730023487447306163e-01 9.549950374957337507e-02
8.796459430051420947e-01 5.937035621389444850e-01 9.648850962712104407e-01 2.320859135830315723e-01 1.355245790119675720e-01
8.953539062730909714e-01 6.090846377467205031e-01 9.524097224454196597e-01 1.935464671981431128e-01 1.812969055655057060e-01
9.110618695410400703e-01 6.243581242329779846e-01 9.381485055975213871e-01 1.577253928927164484e-01 2.320969192054154195e-01
9.267698328089889470e-01 6.395094131335672394e-01 9.221585654328564585e-01 1.249429378334386276e-01 2.871209949775265224e-01
9.424777960769378238e-01 6.545225075332602449e-01 9.045029024294238829e-01 9.549019873752263854e-02 3.455018839241112416e-01
9.581857593448869226e-01 6.693831093620903339e-01 8.852501725112305042e-01 6.962711682275896097e-02 4.063190749659598144e-01
9.738937226128359104e-01 6.840765342353616330e-01 8.644772455096312314e-01 4.758434759736666908e-02 4.686106962353523420e-01
9.896016858807848982e-01 6.985881991926292667e-01 8.422656515811919320e-01 2.955786203989139993e-02 5.314003771770389184e-01
1.005309649148733886e+00 7.129036130633729096e-01 8.187032287018900512e-01 1.570711442823624626e-02 5.936988769612546735e-01
1.021017612416682763e+00 7.270093648913966700e-01 7.938828928034996624e-01 6.154861233360238437e-03 6.545151550376233640e-01
1.036725575684631639e+00 7.408910737306371175e-01 7.679048181638925552e-01 9.862223071054731366e-04 7.128967084560251521e-01
1.052433538952580738e+00 7.545348706535017769e-01 7.408696152121291290e-01 2.469334059702095593e-04 7.679221364926698268e-01
1.068141502220529615e+00 7.679278794331191316e-01 7.128830026655060825e-01 3.943519197073206209e-03 8.187190441062270896e-01
1.083849465488478492e+00 7.810561995249644118e-01 6.840549358367047361e-01 1.204346880020956689e-02 8.644910506767971015e-01
1.099557428756427591e+00 7.939069912118824623e-01 6.545029727010669429e-01 2.447488696272076547e-02 9.045137241181121501e-01
1.115265392024376467e+00 8.064677483612071596e-01 6.243378795293877959e-01 4.112668863707140410e-02 9.381574153373847258e-01
1.130973355292325566e+00 8.187260707679401284e-01 5.936846799032906574e-01 6.185225814212562401e-02 9.648920741370851095e-01
1.146681318560274443e+00 8.306696326331641789e-01 5.626624662625943074e-01 8.646630372074033677e-02 9.842944924856330546e-01
1.162389281828223320e+00 8.422870809482119192e-01 5.313911207417619798e-01 1.147511449523743871e-01 9.960589252377755054e-01
1.178097245096172418e+00 8.535668944885592690e-01 4.999951875858715811e-01 1.464548422506728731e-01 9.999999966540988883e-01
1.193805208364121295e+00 8.644975419396774274e-01 4.686004285497681887e-01 1.812964781617346643e-01 9.960556711055033041e-01
1.209513171632070394e+00 8.750686740315052337e-01 4.373278234233893835e-01 2.189665458559464373e-01 9.842877167733210531e-01
1.225221134900019271e+00 8.852695724190940973e-01 4.063027035495435646e-01 2.591289581749596782e-01 9.648822608925939903e-01
1.240929098167968148e+00 8.950900708165586694e-01 3.756476309761828114e-01 3.014330778448913728e-01 9.381445991244730109e-01
1.256637061435917246e+00 9.045206583765580399e-01 3.454837148549704806e-01 3.454968049748083359e-01 9.044977174549557741e-01
1.272345024703866123e+00 9.135520723590284664e-01 3.159300382811324748e-01 3.909328527796920305e-01 8.644722008759000431e-01
1.288052987971815222e+00 9.221752728179067882e-01 2.871039774009601642e-01 4.373380631920674722e-01 8.186993931723972606e-01
1.303760951239764099e+00 9.303818624822592920e-01 2.591167615094366883e-01 4.843003070843761027e-01 7.678991236898158323e-01
1.319468914507712975e+00 9.381638900397563097e-01 2.320800511331068683e-01 5.313986593007886672e-01 7.128747081293059784e-01
1.335176877775662074e+00 9.455133381647892188e-01 2.061000038083433128e-01 5.782207538786716672e-01 6.544935816457679856e-01
1.350884841043610951e+00 9.524231481987182057e-01 1.812804577572133258e-01 6.243484334420198456e-01 5.936763642779392391e-01
1.366592804311560050e+00 9.588864722792088680e-01 1.577206585427635421e-01 6.693728053272826051e-01 5.313846664730506042e-01
1.382300767579508927e+00 9.648968009919934863e-01 1.355116694055836513e-01 7.128917961893581623e-01 4.685949258087247493e-01
1.398008730847457803e+00 9.704483144198180478e-01 1.147391471452439693e-01 7.545216851451974627e-01 4.062966085428043050e-01
1.413716694115406902e+00 9.755355678673137687e-01 9.548754299390395384e-02 7.938954954218079285e-01 3.454804852461875186e-01
1.429424657383355779e+00 9.801535222788088086e-01 7.783240497484839038e-02 8.306588308662052889e-01 2.870990767380144359e-01
1.445132620651304878e+00 9.842975763449720583e-01 6.184290484767261675e-02 8.644875093464953197e-01 2.320739923343541622e-01
1.460840583919253755e+00 9.879637621493555510e-01 4.758359135496858378e-02 8.950805086630762020e-01 1.812773653415969410e-01
1.476548547187202631e+00 9.911483180735547460e-01 3.510903393185758892e-02 9.221669515456905053e-01 1.355057639950562332e-01
1.492256510455151730e+00 9.938481027584612493e-01 2.446926521773813701e-02 9.455059866110050448e-01 9.548370591385957340e-02
1.507964473723100829e+00 9.960605168774063767e-01 1.570634485593270374e-02 9.648908459090542733e-01 6.184017565960715779e-02
1.523672436991049706e+00 9.977833756003042787e-01 8.854785208475915784e-03 9.801487086319060626e-01 3.510630658370997997e-02
1.539380400258998582e+00 9.990149678872578543e-01 3.941494061190795734e-03 9.911450844707802021e-01 1.570449368684151414e-02
1.555088363526947459e+00 9.997540862854824573e-01 9.860453146253677064e-04 9.977817429290674056e-01 3.940608135369052731e-03
1.570796326794896558e+00 9.999999990515627823e-01 1.335661080219757249e-09 9.999999962928619590e-01 6.007217832147595701e-09
1.586504290062845657e+00 9.997524670278632453e-01 9.872410237533190032e-04 9.977801904256783372e-01 3.944756969155697318e-03
1.602212253330794534e+00 9.990117385202617051e-01 3.943868398350874535e-03 9.911418577787964868e-01 1.571312625382493763e-02
1.617920216598743410e+00 9.977785364293750847e-01 8.858359359361987762e-03 9.801438061802361101e-01 3.511899665659975328e-02
1.633628179866692287e+00 9.960540729257342241e-01 1.571128058060499572e-02 9.648839634058262726e-01 6.185704668466417144e-02
1.649336143134641386e+00 9.938400635782268511e-01 2.447557828758137322e-02 9.454976683761604495e-01 9.550426939581760366e-02
1.665044106402590485e+00 9.911386722699456753e-01 3.511670052614265791e-02 9.221571559139472019e-01 1.355301008006205843e-01
1.680752069670539361e+00 9.879525930555326241e-01 4.759234328255562696e-02 8.950690228797550940e-01 1.813032791333699933e-01
1.696460032938488238e+00 9.842849336143332240e-01 6.185387132432595275e-02 8.644748237287045445e-01 2.321037047126298103e-01
1.712167996206437115e+00 9.801393875676996936e-01 7.784390832780899161e-02 8.306459367222647217e-01 2.871283868128911565e-01
1.727875959474386214e+00 9.755199786691539643e-01 9.549986040021099520e-02 7.938823594936683659e-01 3.455096991335423473e-01
1.743583922742335313e+00 9.704312606472946801e-01 1.147528365974663928e-01 7.545121522895310573e-01 4.063269010197971820e-01
1.759291886010284189e+00 9.648782605440351379e-01 1.355259758220289934e-01 7.128821878649145294e-01 4.686187004827068181e-01
1.774999849278233066e+00 9.588664427740212215e-01 1.577380637279494069e-01 6.693635238621178374e-01 5.314084886062198088e-01
1.790707812546181943e+00 9.524017823055715981e-01 1.813004024313423779e-01 6.243385050522850532e-01 5.937066370425349016e-01
1.806415775814130820e+00 9.454906458653073997e-01 2.061209673493475947e-01 5.782131331630405713e-01 6.545222273416462233e-01
1.822123739082080141e+00 9.381398462087269241e-01 2.320988388644797951e-01 5.313883300210682226e-01 7.129024843346565277e-01
1.837831702350029017e+00 9.303566333594180948e-01 2.591339499989697703e-01 4.842903615917193427e-01 7.679250514637820935e-01
1.853539665617977894e+00 9.221486892803887336e-01 2.871211183685068447e-01 4.373275698201569139e-01 8.187233132670237445e-01
1.869247628885926771e+00 9.135241314045891015e-01 3.159494778732038212e-01 3.909225558974317449e-01 8.644953549653466851e-01
1.884955592153875648e+00 9.044914806709294375e-01 3.455018231778609894e-01 3.454843343895996899e-01 9.045191322352509333e-01
1.900663555421824968e+00 8.950596314642577100e-01 3.756670077386194406e-01 3.014218426457283551e-01 9.381621194911111683e-01
1.916371518689773845e+00 8.852378834848495526e-01 4.063195607679150889e-01 2.591199124671640375e-01 9.648956412586776610e-01
1.932079481957722500e+00 8.750359291919678206e-01 4.373420050984122009e-01 2.189554025218009570e-01 9.842965687361726612e-01
1.947787445225671821e+00 8.644638466141898459e-01 4.686136075251809419e-01 1.812859444301554712e-01 9.960600166373525521e-01
1.963495408493620697e+00 8.535320978859777252e-01 5.000099494713595716e-01 1.464430838464634288e-01 9.999999905779095588e-01
1.979203371761569796e+00 8.422514497246372800e-01 5.314045405834804114e-01 1.147392747364712334e-01 9.960545836308913881e-01
1.994911335029518673e+00 8.306330198396149056e-01 5.626769789467004346e-01 8.645595125913077550e-02 9.842855727099633079e-01
2.010619298297467772e+00 8.186882707826037553e-01 5.937018559871498624e-01 6.184254438954342459e-02 9.648790680303858114e-01
2.026327261565416649e+00 8.064289944390183873e-01 6.243566477550230864e-01 4.111902540279618185e-02 9.381404224228927502e-01
2.042035224833365525e+00 7.938673247883973882e-01 6.545203352067501257e-01 2.446917816394375902e-02 9.044926619636622922e-01
2.057743188101314402e+00 7.810156514418997720e-01 6.840737510361381002e-01 1.203966096972107318e-02 8.644663363246563037e-01
2.073451151369263279e+00 7.678866334963582174e-01 7.129005321818143726e-01 3.941479084646385724e-03 8.186926284351389027e-01
2.089159114637212600e+00 7.544932196709192018e-01 7.408876076090755713e-01 2.464109675375400163e-04 7.678919155534841279e-01
2.104867077905161477e+00 7.408486295700168478e-01 7.679240807561830140e-01 9.872841503930991809e-04 7.128668485174076697e-01
2.120575041173110353e+00 7.269663515271970189e-01 7.939015917977324532e-01 6.157548028871076204e-03 6.544852538046699308e-01
2.136283004441059230e+00 7.128601096118778457e-01 8.187199132356330900e-01 1.571153101866197555e-02 5.936680120496772295e-01
2.151990967709008107e+00 6.985437931676310441e-01 8.422815436313670912e-01 2.956428299780383684e-02 5.313760349474011546e-01
2.167698930976956984e+00 6.840315161036543135e-01 8.644925693844887071e-01 4.759235761202054021e-02 4.685861966361841713e-01
2.183406894244906304e+00 6.693375992405541375e-01 8.852642925397971041e-01 6.963634904208390597e-02 4.062882498983180768e-01
2.199114857512855181e+00 6.544765539771554286e-01 9.045161661549193655e-01 9.550016396694505083e-02 3.454723381697598628e-01
2.214822820780804058e+00 6.394630902065889799e-01 9.221714899317113856e-01 1.249550969438316395e-01 2.870912104196945425e-01
2.230530784048752935e+00 6.243119994364507708e-01 9.381605283831381259e-01 1.577380561021397010e-01 2.320667868421831814e-01
2.246238747316702256e+00 6.090382108713721099e-01 9.524201541009214012e-01 1.935570824577558247e-01 1.812706053191508737e-01
2.261946710584651132e+00 5.936567924251887618e-01 9.648942155374862217e-01 2.320974986942590523e-01 1.354998243294063265e-01
2.277654673852600009e+00 5.781829282900203815e-01 9.755334410183551519e-01 2.730143828721015575e-01 9.547856909411103765e-02
2.293362637120548886e+00 5.626319265060606423e-01 9.842959446449578431e-01 3.159471868955519569e-01 6.183596041057845549e-02
2.309070600388497763e+00 5.470191393762708909e-01 9.911470342617816343e-01 3.605139507058773285e-01 3.510332532731003791e-02
2.324778563656446639e+00 5.313599415098678724e-01 9.960597146073909558e-01 4.063157046942787454e-01 1.570246588175499419e-02
2.340486526924395960e+00 5.156697752617618313e-01 9.990145768831385498e-01 4.529540017089970227e-01 3.939564132574973135e-03
2.356194490192344837e+00 4.999641267600232197e-01 9.999999973040603063e-01 5.000058599831895823e-01 1.337585364549259255e-08
2.371902453460293714e+00 4.842585151190249571e-01 9.990121339529509648e-01 5.470597748300819463e-01 3.945848610777680232e-03
2.387610416728242591e+00 4.685684766493167785e-01 9.960548857605999729e-01 5.936986435962958719e-01 1.571527662541701356e-02
2.403318379996191911e+00 4.529094607754082791e-01 9.911398022308151035e-01 6.395028041478501013e-01 3.512220115342830351e-02
2.419026343264140788e+00 4.372969023944508482e-01 9.842862705492823050e-01 6.840679076949967019e-01 6.186123333629512527e-02
2.434734306532089665e+00 4.217462071741023832e-01 9.755213909234486946e-01 7.270021758953598701e-01 9.550934194611349071e-02
2.450442269800038542e+00 4.062727295089219037e-01 9.648797781228702908e-01 7.679187647108870474e-01 1.355360001485626520e-01
2.466150233067987418e+00 3.908917853963075340e-01 9.524035400068779911e-01 8.064578760864029583e-01 1.813100839379507556e-01
2.481858196335936295e+00 3.756185370285997638e-01 9.381417019346233177e-01 8.422785316181375936e-01 2.321091768285272749e-01
2.497566159603885616e+00 3.604680302364654532e-01 9.221506864602742048e-01 8.750606757453270879e-01 2.871332691752164767e-01
2.513274122871834493e+00 3.454552098365463175e-01 9.044942833729577858e-01 9.045129258574045039e-01 3.455148727809925213e-01
2.528982086139783370e+00 3.305948958704945650e-01 8.852406356948921973e-01 9.303754891883441180e-01 4.063314941999566776e-01
2.544690049407732246e+00 3.159017819193848386e-01 8.644667181842731196e-01 9.524177554510789845e-01 4.686261810695055985e-01
2.560398012675681567e+00 3.013903862750962337e-01 8.422550013000151825e-01 9.704437436638984060e-01 5.314162544004958910e-01
2.576105975943630444e+00 2.870749962106611264e-01 8.186919208642043921e-01 9.842941480514744157e-01 5.937093178602921295e-01
2.591813939211579321e+00 2.729697267931624483e-01 7.938715731585230806e-01 9.938459288866887675e-01 6.545241506809476029e-01
2.607521902479528197e+00 2.590884992998752634e-01 7.678921861286309714e-01 9.990140763797996648e-01 7.129083871075019285e-01
2.623229865747477074e+00 2.454450254589226055e-01 7.408558865875247701e-01 9.997529015074948511e-01 7.679304405179815385e-01
2.638937829015425951e+00 2.320528071498363654e-01 7.128694047274359846e-01 9.960558566077732934e-01 8.187272928077926615e-01
2.654645792283375272e+00 2.189250340922592741e-01 6.840413717859386011e-01 9.879554822246497947e-01 8.644986236936852420e-01
2.670353755551324149e+00 2.060746434201892185e-01 6.544895478080312579e-01 9.755237178092946992e-01 9.045219007686352564e-01
2.686061718819273025e+00 1.935143143678562383e-01 6.243249231169784030e-01 9.588711765773016982e-01 9.381646646915862142e-01
2.701769682087221902e+00 1.812564478285654257e-01 5.936701666152555124e-01 9.381453767960148404e-01 9.648975532064834049e-01
2.717477645355171223e+00 1.693131728304683170e-01 5.626477699461794879e-01 9.135312983091972150e-01 9.842980694865408609e-01
2.733185608623120100e+00 1.576962725307496371e-01 5.313756448190333215e-01 8.852456385924616367e-01 9.960607438679971448e-01
2.748893571891068976e+00 1.464171873894301035e-01 4.999799244579599677e-01 8.535405789105534602e-01 9.999999807565025378e-01
2.764601535159017853e+00 1.354870421790625445e-01 4.685850178076035877e-01 8.186991171460497041e-01 9.960538515296261108e-01
2.780309498426966730e+00 1.249166266549028986e-01 4.373135992859348287e-01 7.810279401481099448e-01 9.842841384350756728e-01
2.796017461694915607e+00 1.147163881529850993e-01 4.062884473882314440e-01 7.408630972626462086e-01 9.648769245109533044e-01
2.811725424962864484e+00 1.048964125388094776e-01 3.756332014290492682e-01 6.985601356830151154e-01 9.381376286179650137e-01
2.827433388230813804e+00 9.546636723890149223e-02 3.454690580439383485e-01 6.544937332480644798e-01 9.044892931653620849e-01
2.843141351498762681e+00 8.643554883026745295e-02 3.159153241073771046e-01 6.090575930843793451e-01 8.644624277716540517e-01
2.858849314766711558e+00 7.781287024216147763e-02 2.870909288038496765e-01 5.626526148331026933e-01 8.186880828838386526e-01
2.874557278034660879e+00 6.960684720347026788e-02 2.591065862052886470e-01 5.156931650373868248e-01 7.678871356236558476e-01
2.890265241302609756e+00 6.182560146762897113e-02 2.320698758617035784e-01 4.685919574733959370e-01 7.128616014320884320e-01
2.905973204570558632e+00 5.447679931823113525e-02 2.060896072632074083e-01 4.217715368163149625e-01 6.544796834325148360e-01
2.921681167838507509e+00 4.756768096424421333e-02 1.812711043061716321e-01 3.756441053403005159e-01 5.936625436215605678e-01
2.937389131106456386e+00 4.110506339586332547e-02 1.577118225399672946e-01 3.306205394789926144e-01 5.313703015992999878e-01
2.953097094374405263e+00 3.509532777465091541e-02 1.355017411604540201e-01 2.870987405484408672e-01 4.685804435204949381e-01
2.968805057642354139e+00 2.954441766740859704e-02 1.147304147076318864e-01 2.454690010507158404e-01 4.062827801478621770e-01
2.984513020910303460e+00 2.445781382747351865e-02 9.547944470031285991e-02 2.060966777345144552e-01 3.454673666498262463e-01
3.000220984178252337e+00 1.984052363301690852e-02 7.782460284950741547e-02 1.693347508405856905e-01 2.870873374070834205e-01
3.015928947446201658e+00 1.569710110729108377e-02 6.183623976741480649e-02 1.355077886749189719e-01 2.320657245871555752e-01
3.031636910714150535e+00 1.203163726788184298e-02 4.757676651648203026e-02 1.049149883850431231e-01 1.812682134949218926e-01
3.047344873982099411e+00 8.847754202431157983e-03 3.510312434984388941e-02 7.782935009443604779e-02 1.354970912224107427e-01
3.063052837250048288e+00 6.148600687163630410e-03 2.446428687786526487e-02 5.449130884328240443e-02 9.547448351300114044e-02
3.078760800517997165e+00 3.936832833428792477e-03 1.570245809702533815e-02 3.510678997444538485e-02 6.183256083841536660e-02
3.094468763785946042e+00 2.214630975120201583e-03 8.851914153337567259e-03 1.984911638091545194e-02 3.510029336487332369e-02
3.110176727053894918e+00 9.836960038284469406e-04 3.939565042418937194e-03 8.853398684720343095e-03 1.570069009636687954e-02
3.125884690321843795e+00 2.452447494781377938e-04 9.850850152016833554e-04 2.217438520342467426e-03 3.938608086421353273e-03
3.141592653589793116e+00 7.200370545692149035e-09 4.758037130831171838e-09 1.585655758793033197e-08 2.507103881621814225e-08
