t fidelity1 fidelity2 fidelity3
0.000000000000000000e+00 0.000000000000000000e+00 0.000000000000000000e+00 0.000000000000000000e+00
9.817477042468103487e-02 1.058453558079192752e-02 1.058453558079191018e-02 1.058453558079188936e-02
1.963495408493620697e-01 4.185271801582675366e-02 4.185271801582684387e-02 4.185271801582671203e-02
2.945243112740431046e-01 9.237343767759836899e-02 9.237343767760079760e-02 9.237343767759863267e-02
3.926990816987241395e-01 1.598438123971751279e-01 1.598438123971809011e-01 1.598438123971760716e-01
4.908738521234051744e-01 2.412073039871066027e-01 2.412073039871164559e-01 2.412073039871081293e-01
5.890486225480862092e-01 3.328091425412073590e-01 3.328091425412212367e-01 3.328091425412104676e-01
6.872233929727672441e-01 4.305798206188400368e-01 4.305798206188580224e-01 4.305798206188465871e-01
7.853981633974482790e-01 5.302360106943193596e-01 5.302360106943340146e-01 5.302360106943279083e-01
8.835729338221293139e-01 6.274874885615088216e-01 6.274874885615393527e-01 6.274874885615293607e-01
9.817477042468103487e-01 7.182386140588387091e-01 7.182386140588810086e-01 7.182386140588679080e-01
1.079922474671491273e+00 7.987736928833099048e-01 7.987736928833569783e-01 7.987736928833458760e-01
1.178097245096172418e+00 8.659168793969159728e-01 8.659168793969599376e-01 8.659168793969527211e-01
1.276272015520853564e+00 9.171592171925594394e-01 9.171592171925965209e-01 9.171592171925919690e-01
1.374446785945534488e+00 9.507477021265349215e-01 9.507477021265593464e-01 9.507477021265574590e-01
1.472621556370215412e+00 9.657337394608229708e-01 9.657337394608322967e-01 9.657337394608264125e-01
1.570796326794896558e+00 9.619808539516331303e-01 9.619808539516258028e-01 9.619808539516206958e-01
1.668971097219577704e+00 9.401338593127528398e-01 9.401338593127176457e-01 9.401338593127531729e-01
1.767145867644258628e+00 9.015537263469460827e-01 9.015537263468887952e-01 9.015537263469748375e-01
1.865320638068939552e+00 8.482239627983021446e-01 8.482239627982348651e-01 8.482239627983724217e-01
1.963495408493620697e+00 7.826354196696463372e-01 7.826354196695842758e-01 7.826354196697606902e-01
2.061670178918301843e+00 7.076570184626223003e-01 7.076570184625833315e-01 7.076570184627768434e-01
2.159844949342982545e+00 6.263998818876425068e-01 6.263998818876230779e-01 6.263998818878420138e-01
2.258019719767663691e+00 5.420819006083322789e-01 5.420819006083290592e-01 5.420819006085737524e-01
2.356194490192344837e+00 4.578990108096078759e-01 4.578990108096160916e-01 4.578990108098370260e-01
2.454369260617025983e+00 3.769081320629151244e-01 3.769081320628548948e-01 3.769081320631745835e-01
2.552544031041707129e+00 3.019257132243070019e-01 3.019257132241858765e-01 3.019257132245860009e-01
2.650718801466387831e+00 2.354441485724182437e-01 2.354441485722714722e-01 2.354441485726869177e-01
2.748893571891068976e+00 1.795672419172159029e-01 1.795672419170417367e-01 1.795672419174722811e-01
2.847068342315750122e+00 1.359645794154129561e-01 1.359645794152087028e-01 1.359645794156552345e-01
2.945243112740430824e+00 1.058438586826158934e-01 1.058438586824175798e-01 1.058438586828164552e-01
3.043417883165111970e+00 8.993947657757798975e-02 8.993947657738247947e-02 8.993947657772208282e-02
3.141592653589793116e+00 8.851516582177809678e-02 8.851516582161660096e-02 8.851516582191497340e-02
3.239767424014474262e+00 1.013784464133293955e-01 1.013784464133016539e-01 1.013784464135053798e-01
3.337942194439155408e+00 1.279047341598507914e-01 1.279047341600331178e-01 1.279047341601184384e-01
3.436116964863836110e+00 1.670690748320899366e-01 1.670690748325165953e-01 1.670690748325156239e-01
3.534291735288517255e+00 2.174839625653557651e-01 2.174839625660872910e-01 2.174839625659649445e-01
3.632466505713198401e+00 2.774422038805948176e-01 2.774422038816765079e-01 2.774422038813975089e-01
3.730641276137879103e+00 3.449640657502634489e-01 3.449640657516782616e-01 3.449640657512812458e-01
3.828816046562560249e+00 4.178483735642030128e-01 4.178483735659445641e-01 4.178483735654215381e-01
3.926990816987241395e+00 4.937276059768358483e-01 4.937276059788966442e-01 4.937276059782063076e-01
4.025165587411922097e+00 5.701269962390476120e-01 5.701269962413509917e-01 5.701269962405337566e-01
4.123340357836603687e+00 6.445275967007860762e-01 6.445275967032515485e-01 6.445275967023242902e-01
4.221515128261284389e+00 7.144332312475079050e-01 7.144332312500726312e-01 7.144332312489942716e-01
4.319689898685965090e+00 7.774407992649907673e-01 7.774407992675321788e-01 7.774407992663392442e-01
4.417864669110646680e+00 8.313128563730314280e-01 8.313128563754152989e-01 8.313128563741492005e-01
4.516039439535327382e+00 8.740510676201640461e-01 8.740510676222894570e-01 8.740510676209204410e-01
4.614214209960008972e+00 9.039685336294293050e-01 9.039685336311684694e-01 9.039685336297171858e-01
4.712388980384689674e+00 9.197583299258841327e-01 9.197583299270861712e-01 9.197583299256189004e-01
4.810563750809370376e+00 9.205553663949044285e-01 9.205553663954820776e-01 9.205553663939820552e-01
4.908738521234051966e+00 9.059884273624738693e-01 9.059884273623434181e-01 9.059884273608157512e-01
5.006913291658732668e+00 8.762189523417157622e-01 8.762189523407799552e-01 8.762189523393012491e-01
5.105088062083414258e+00 8.319633737677750718e-01 8.319633737660111494e-01 8.319633737645830696e-01
5.203262832508094959e+00 7.744963027548201762e-01 7.744963027522465682e-01 7.744963027508603437e-01
5.301437602932775661e+00 7.056322168417102914e-01 7.056322168383394322e-01 7.056322168370677828e-01
5.399612373357457251e+00 6.276841728710972346e-01 6.276841728670137233e-01 6.276841728658778541e-01
5.497787143782137953e+00 5.433992799973177412e-01 5.433992799926795625e-01 5.433992799916517180e-01
5.595961914206818655e+00 4.558716181690160019e-01 4.558716181639678178e-01 4.558716181631095599e-01
5.694136684631500245e+00 3.684344879360994529e-01 3.684344879308344978e-01 3.684344879301808540e-01
5.792311455056180947e+00 2.845354070083214171e-01 2.845354070031085314e-01 2.845354070026181459e-01
5.890486225480861648e+00 2.075983367087935183e-01 2.075983367038788385e-01 2.075983367035802718e-01
5.988660995905543238e+00 1.408785380337342907e-01 1.408785380293600953e-01 1.408785380292999767e-01
6.086835766330223940e+00 8.731659135154212770e-02 8.731659134800102973e-02 8.731659134812613798e-02
6.185010536754905530e+00 4.939863821558465595e-02 4.939863821312510950e-02 4.939863821342710404e-02
6.283185307179586232e+00 2.902986797072142078e-02 2.902986796952634896e-02 2.902986797004736275e-02
6.381360077604266934e+00 2.742834137409951370e-02 2.742834137436144654e-02 2.742834137504394920e-02
6.479534848028948524e+00 4.504573695168548331e-02 4.504573695353025070e-02 4.504573695432578101e-02
6.577709618453629226e+00 8.152028908695971299e-02 8.152028909039549243e-02 8.152028909133404722e-02
6.675884388878310816e+00 1.356659641021714657e-01 1.356659641071755185e-01 1.356659641082039458e-01
6.774059159302991517e+00 2.055004248380272736e-01 2.055004248445117532e-01 2.055004248455483684e-01
6.872233929727672219e+00 2.883120535443206567e-01 2.883120535520588001e-01 2.883120535531180084e-01
6.970408700152353809e+00 3.807642404196745489e-01 3.807642404283937965e-01 3.807642404294386274e-01
7.068583470577034511e+00 4.790333514766513257e-01 4.790333514860470876e-01 4.790333514869798970e-01
7.166758241001715213e+00 5.789745013802994889e-01 5.789745013899583181e-01 5.789745013907762194e-01
7.264933011426396803e+00 6.763073627559111900e-01 6.763073627653864994e-01 6.763073627660849407e-01
7.363107781851077505e+00 7.668132203960381643e-01 7.668132204049210587e-01 7.668132204054076695e-01
7.461282552275758206e+00 8.465333654297665378e-01 8.465333654376062666e-01 8.465333654378718320e-01
7.559457322700439796e+00 9.119582513334945073e-01 9.119582513398531987e-01 9.119582513399255852e-01
7.657632093125120498e+00 9.601974265606239012e-01 9.601974265651697094e-01 9.601974265649872997e-01
7.755806863549802088e+00 9.891210618354963069e-01 9.891210618379473463e-01 9.891210618374985941e-01
7.853981633974482790e+00 9.974648812862294545e-01 9.974648812863529113e-01 9.974648812857035418e-01
7.952156404399163492e+00 9.848925337318422679e-01 9.848925337295636462e-01 9.848925337286952297e-01
8.050331174823844194e+00 9.520119329530997154e-01 9.520119329484549864e-01 9.520119329473598624e-01
8.148505945248526672e+00 9.003442076558584306e-01 9.003442076489444057e-01 9.003442076477178313e-01
8.246680715673207374e+00 8.322467704476121941e-01 8.322467704386807830e-01 8.322467704373466280e-01
8.344855486097888075e+00 7.507950029835099848e-01 7.507950029729343333e-01 7.507950029714899332e-01
8.443030256522568777e+00 6.596289822554980420e-01 6.596289822436787187e-01 6.596289822422244375e-01
8.541205026947249479e+00 5.627736414862809511e-01 5.627736414737097848e-01 5.627736414723096825e-01
8.639379797371930181e+00 4.644427197796346385e-01 4.644427197668850593e-01 4.644427197655333628e-01
8.737554567796612659e+00 3.688373168431457461e-01 3.688373168307553240e-01 3.688373168295370763e-01
8.835729338221293361e+00 2.799497551062701262e-01 2.799497550947591673e-01 2.799497550937580237e-01
8.933904108645974063e+00 2.013834633039700006e-01 2.013834632938799329e-01 2.013834632930814050e-01
9.032078879070654764e+00 1.361982047791686912e-01 1.361982047709315857e-01 1.361982047703922671e-01
9.130253649495335466e+00 8.678773590781237168e-02 8.678773590175725694e-02 8.678773590156035889e-02
9.228428419920017944e+00 5.479532056712430044e-02 5.479532056353558084e-02 5.479532056366118176e-02
9.326603190344698646e+00 4.107012592569261183e-02 4.107012592471855766e-02 4.107012592518285987e-02
9.424777960769379348e+00 4.566434518379103996e-02 4.566434518542571847e-02 4.566434518630095585e-02
9.522952731194060050e+00 6.786884304098111942e-02 6.786884304515358735e-02 6.786884304641871424e-02
9.621127501618740752e+00 1.062832761367899365e-01 1.062832761433150780e-01 1.062832761449502700e-01
9.719302272043423230e+00 1.589141836772700045e-01 1.589141836858184442e-01 1.589141836878785741e-01
9.817477042468103932e+00 2.232934795916151349e-01 2.232934796018120616e-01 2.232934796042815306e-01
9.915651812892784633e+00 2.966097308140338562e-01 2.966097308254546094e-01 2.966097308282895639e-01
1.001382658331746534e+01 3.758439406060700705e-01 3.758439406182000342e-01 3.758439406214352796e-01
1.011200135374214604e+01 4.579019694370565219e-01 4.579019694493795534e-01 4.579019694530076512e-01
1.021017612416682852e+01 5.397375385032284756e-01 5.397375385152540783e-01 5.397375385192169084e-01
1.030835089459150922e+01 6.184607244096376188e-01 6.184607244208524257e-01 6.184607244251587588e-01
1.040652566501618992e+01 6.914280383185971157e-01 6.914280383285273945e-01 6.914280383331724567e-01
1.050470043544087062e+01 7.563127316020672453e-01 7.563127316103213094e-01 7.563127316152360446e-01
1.060287520586555132e+01 8.111554498762054699e-01 8.111554498824193882e-01 8.111554498875870323e-01
1.070104997629023202e+01 8.543960145910973747e-01 8.543960145949717200e-01 8.543960146003731770e-01
1.079922474671491450e+01 8.848889309656563507e-01 8.848889309670007197e-01 8.848889309725533892e-01
1.089739951713959520e+01 9.019061148551156260e-01 9.019061148537921291e-01 9.019061148594497146e-01
1.099557428756427591e+01 9.051296211791971524e-01 9.051296211751392873e-01 9.051296211808601555e-01
1.109374905798895661e+01 8.946374767183760124e-01 8.946374767116307414e-01 8.946374767173145282e-01
1.119192382841363731e+01 8.708857982209071702e-01 8.708857982115786323e-01 8.708857982171511747e-01
1.129009859883831979e+01 8.346885802511829766e-01 8.346885802394522491e-01 8.346885802448438252e-01
1.138827336926300049e+01 7.871957072824981028e-01 7.871957072686449619e-01 7.871957072737387762e-01
1.148644813968768119e+01 7.298697258962701939e-01 7.298697258806292609e-01 7.298697258853402703e-01
1.158462291011236189e+01 6.644601880740205191e-01 6.644601880569867003e-01 6.644601880612472922e-01
1.168279768053704260e+01 5.929733874926740311e-01 5.929733874747331601e-01 5.929733874784264280e-01
1.178097245096172330e+01 5.176361261356305921e-01 5.176361261172963690e-01 5.176361261203653585e-01
1.187914722138640577e+01 4.408516142957475958e-01 4.408516142775635860e-01 4.408516142799811521e-01
1.197732199181108648e+01 3.651451669009918022e-01 3.651451668835646314e-01 3.651451668852577770e-01
1.207549676223576718e+01 2.930992499358334724e-01 2.930992499197402346e-01 2.930992499207346058e-01
1.217367153266044788e+01 2.272783423907946410e-01 2.272783423765740718e-01 2.272783423769609568e-01
1.227184630308512858e+01 1.701440360378395633e-01 1.701440360260535467e-01 1.701440360258646700e-01
1.237002107350981106e+01 1.239630022262389608e-01 1.239630022173400237e-01 1.239630022167290679e-01
1.246819584393449176e+01 9.071211238995385839e-02 9.071211238425722079e-02 9.071211238350836148e-02
1.256637061435917246e+01 7.198456052414591022e-02 7.198456052193025201e-02 7.198456052123271276e-02
1.266454538478385317e+01 6.890210492753764959e-02 6.890210492890797012e-02 6.890210492856328750e-02
1.276272015520853387e+01 8.203993267356322894e-02 8.203993267837458858e-02 8.203993267888859409e-02
1.286089492563321635e+01 1.113691565414618306e-01 1.113691565494996927e-01 1.113691565512358594e-01
1.295906969605789705e+01 1.562214145289959888e-01 1.562214145398664045e-01 1.562214145432203327e-01
1.305724446648257775e+01 2.152806085521989932e-01 2.152806085651872980e-01 2.152806085708254824e-01
1.315541923690725845e+01 2.866043984378682796e-01 2.866043984522015919e-01 2.866043984605935457e-01
1.325359400733193915e+01 3.676757920949974001e-01 3.676757921098298132e-01 3.676757921212771008e-01
1.335176877775662163e+01 4.554851551137646948e-01 4.554851551279737731e-01 4.554851551430387779e-01
1.344994354818130233e+01 5.466405702780687825e-01 5.466405702905866582e-01 5.466405703095746915e-01
1.354811831860598303e+01 6.375013739151763614e-01 6.375013739251125244e-01 6.375013739479218344e-01
1.364629308903066374e+01 7.243297994686920260e-01 7.243297994749627877e-01 7.243297995017548008e-01
1.374446785945534444e+01 8.034545271240574049e-01 8.034545271256776644e-01 8.034545271564609292e-01
1.384264262988002514e+01 8.714371598203295433e-01 8.714371598167073296e-01 8.714371598509171868e-01
1.394081740030470762e+01 9.252334381292655063e-01 9.252334381198122903e-01 9.252334381570604949e-01
1.403899217072938832e+01 9.623419576744467463e-01 9.623419576586985658e-01 9.623419576986278479e-01
1.413716694115406902e+01 9.809315026419412886e-01 9.809315026200130516e-01 9.809315026615940125e-01
1.423534171157874972e+01 9.799395840683671199e-01 9.799395840405392688e-01 9.799395840828245552e-01
1.433351648200343043e+01 9.591378106866299547e-01 9.591378106532262304e-01 9.591378106955940064e-01
1.443169125242811290e+01 9.191593837892089169e-01 9.191593837511617959e-01 9.191593837923699439e-01
1.452986602285279361e+01 8.614855502905757190e-01 8.614855502490768036e-01 8.614855502878591142e-01
1.462804079327747431e+01 7.883921818914794155e-01 7.883921818475583265e-01 7.883921818833177220e-01
1.472621556370215501e+01 7.028582811593908630e-01 7.028582811145138720e-01 7.028582811462573687e-01
1.482439033412683571e+01 6.084388906949745879e-01 6.084388906508771955e-01 6.084388906774486072e-01
1.492256510455151641e+01 5.091092385314630597e-01 5.091092384894380096e-01 5.091092385106501528e-01
1.502073987497619889e+01 4.090879657630339117e-01 4.090879657244713141e-01 4.090879657400972591e-01
1.511891464540087959e+01 3.126462598395038373e-01 3.126462598060169018e-01 3.126462598154828298e-01
1.521708941582556029e+01 2.239127933965930906e-01 2.239127933691113792e-01 2.239127933729387898e-01
1.531526418625024100e+01 1.466852571955881979e-01 1.466852571747214173e-01 1.466852571738054278e-01
1.541343895667492170e+01 8.425623344832917916e-02 8.425623343488031214e-02 8.425623342952592854e-02
1.551161372709960418e+01 3.926205801007055796e-02 3.926205800407930879e-02 3.926205799554792486e-02
1.560978849752428488e+01 1.356394158939506871e-02 1.356394159022431510e-02 1.356394158052097627e-02
1.570796326794896558e+01 8.166015579253968135e-03 8.166015586503304682e-03 8.166015576775301557e-03
1.580613803837364628e+01 2.317353123932421391e-02 2.317353125201633557e-02 2.317353124391035094e-02
1.590431280879832698e+01 5.779512898174489488e-02 5.779512899803043030e-02 5.779512899419357586e-02
1.600248757922300769e+01 1.103881702046797808e-01 1.103881702230652129e-01 1.103881702250786301e-01
1.610066234964768839e+01 1.785429584630933431e-01 1.785429584819657745e-01 1.785429584911943091e-01
1.619883712007236909e+01 2.592030777310322942e-01 2.592030777479171211e-01 2.592030777668358765e-01
1.629701189049705334e+01 3.488154973609400855e-01 3.488154973738453735e-01 3.488154974038362721e-01
1.639518666092173405e+01 4.435002723242965073e-01 4.435002723317343354e-01 4.435002723731418794e-01
1.649336143134641475e+01 5.392322920952639098e-01 5.392322920950631815e-01 5.392322921493107879e-01
1.659153620177109545e+01 6.320267269591635095e-01 6.320267269496477880e-01 6.320267270173423046e-01
1.668971097219577615e+01 7.181163265600587486e-01 7.181163265406607099e-01 7.181163266206498363e-01
1.678788574262045685e+01 7.941124258061111885e-01 7.941124257758415128e-01 7.941124258679073122e-01
1.688606051304513755e+01 8.571440084250490088e-01 8.571440083832068124e-01 8.571440084869379472e-01
1.698423528346981826e+01 9.049664309843291621e-01 9.049664309317086985e-01 9.049664310445174609e-01
1.708241005389449896e+01 9.360351411381949704e-01 9.360351410754357282e-01 9.360351411953998779e-01
1.718058482431917966e+01 9.495449063173669879e-01 9.495449062338586765e-01 9.495449063792761324e-01
1.727875959474386036e+01 9.454329956480441721e-01 9.454329955573159694e-01 9.454329957049615318e-01
1.737693436516854462e+01 9.243453390440231621e-01 9.243453389534631581e-01 9.243453390924709634e-01
1.747510913559322532e+01 8.875755137323360078e-01 8.875755136395030442e-01 8.875755137759137048e-01
1.757328390601790602e+01 8.369778302376688073e-01 8.369778301492197814e-01 8.369778302734444120e-01
1.767145867644258672e+01 7.748600840390489353e-01 7.748600839563194453e-01 7.748600840684001234e-01
1.776963344686726742e+01 7.038651208345767518e-01 7.038651207581297919e-01 7.038651208582096253e-01
1.786780821729194813e+01 6.268487161106646166e-01 6.268487160434920158e-01 6.268487161284739262e-01
1.796598298771662883e+01 5.467574252153768466e-01 5.467574251572120403e-01 5.467574252286533376e-01
1.806415775814130953e+01 4.665139124693237771e-01 4.665139124221014399e-01 4.665139124777962221e-01
1.816233252856599023e+01 3.889160990846786126e-01 3.889160990464551326e-01 3.889160990904070303e-01
1.826050729899067093e+01 3.165504286054874328e-01 3.165504285779797145e-01 3.165504286075993545e-01
1.835868206941535519e+01 2.517216139883019510e-01 2.517216139698426614e-01 2.517216139881132686e-01
1.845685683984003589e+01 1.964018545410183281e-01 1.964018545298163720e-01 1.964018545395027626e-01
1.855503161026471659e+01 1.521961476930741852e-01 1.521961476884663989e-01 1.521961476903175847e-01
1.865320638068939729e+01 1.203210534447221175e-01 1.203210534451146091e-01 1.203210534412454680e-01
1.875138115111407799e+01 1.015973901412234315e-01 1.015973901437067922e-01 1.015973901383374345e-01
1.884955592153875870e+01 9.645241904687743006e-02 9.645241905034258878e-02 9.645241904454301962e-02
1.894773069196343940e+01 1.049267785244046985e-01 1.049267785269996645e-01 1.049267785230759142e-01
1.904590546238812010e+01 1.266867590045646641e-01 1.266867590036443447e-01 1.266867590052443704e-01
1.914408023281280080e+01 1.610398893709068524e-01 1.610398893648315177e-01 1.610398893739987958e-01
1.924225500323748150e+01 2.069502275663055169e-01 2.069502275542193515e-01 2.069502275717257922e-01
1.934042977366216221e+01 2.630558698506220150e-01 2.630558698301603271e-01 2.630558698594786526e-01
1.943860454408684646e+01 3.276906761707787941e-01 3.276906761411558788e-01 3.276906761832856785e-01
1.953677931451152716e+01 3.989087888150693595e-01 3.989087887755534134e-01 3.989087888315768771e-01
1.963495408493620786e+01 4.745155056613655220e-01 4.745155056121665993e-01 4.745155056817995098e-01
1.973312885536088856e+01 5.521089564358774293e-01 5.521089563754670859e-01 5.521089564618625323e-01
1.983130362578556927e+01 6.291316288407972079e-01 6.291316287713785149e-01 6.291316288709839499e-01
1.992947839621024997e+01 7.029332135795232084e-01 7.029332135021024719e-01 7.029332136144084142e-01
2.002765316663493067e+01 7.708481085063002558e-01 7.708481084200398126e-01 7.708481085473229966e-01
2.012582793705961137e+01 8.302844417368264729e-01 8.302844416465052779e-01 8.302844417821046985e-01
2.022400270748429207e+01 8.788211272772662452e-01 8.788211271822671256e-01 8.788211273286213876e-01
2.032217747790897278e+01 9.143125311262270127e-01 9.143125310312764098e-01 9.143125311818779410e-01
2.042035224833365703e+01 9.349946343531655435e-01 9.349946342583440595e-01 9.349946344148012400e-01
2.051852701875833773e+01 9.395843728022467145e-01 9.395843727133019740e-01 9.395843728668723527e-01
2.061670178918301843e+01 9.273685398603555008e-01 9.273685397785030871e-01 9.273685399287273645e-01
2.071487655960769914e+01 8.982757044001403735e-01 8.982757043265097163e-01 8.982757044720192097e-01
2.081305133003237984e+01 8.529217340937067515e-01 8.529217340333888897e-01 8.529217341662267415e-01
2.091122610045706054e+01 7.926257228922042319e-01 7.926257228434214763e-01 7.926257229665160109e-01
2.100940087088174124e+01 7.193939156491542253e-01 7.193939156152971970e-01 7.193939157223133707e-01
2.110757564130642194e+01 6.358663155428074809e-01 6.358663155229138386e-01 6.358663156143353756e-01
2.120575041173110264e+01 5.452270995866149716e-01 5.452270995816784760e-01 5.452270996539604342e-01
2.130392518215578335e+01 4.510839151380740542e-01 4.510839151457010643e-01 4.510839152006563824e-01
2.140209995258046405e+01 3.573179243307003095e-01 3.573179243496136803e-01 3.573179243864229582e-01
2.150027472300514830e+01 2.679110418255047366e-01 2.679110418535228244e-01 2.679110418727352894e-01
2.159844949342982900e+01 1.867621877892221005e-01 1.867621878220364351e-01 1.867621878275166070e-01
2.169662426385450971e+01 1.175003275507163492e-01 1.175003275855453361e-01 1.175003275785206219e-01
2.179479903427919041e+01 6.330291279110916713e-02 6.330291282463153257e-02 6.330291280739222537e-02
2.189297380470387111e+01 2.673334244032049903e-02 2.673334246740765099e-02 2.673334244568618262e-02
2.199114857512855181e+01 9.606223976347187665e-03 9.606223993755155094e-03 9.606223970573540480e-03
2.208932334555323251e+01 1.288575646056800555e-02 1.288575646561932950e-02 1.288575644385626072e-02
2.218749811597791322e+01 3.662626028502662806e-02 3.662626027378702853e-02 3.662626025923985951e-02
2.228567288640259392e+01 7.995937029570562848e-02 7.995937026630921263e-02 7.995937026228393252e-02
2.238384765682727462e+01 1.411257531052529102e-01 1.411257530570206586e-01 1.411257530658085457e-01
2.248202242725195532e+01 2.175517451975223782e-01 2.175517451295090887e-01 2.175517451548995285e-01
2.258019719767663958e+01 3.059689055258881241e-01 3.059689054384414630e-01 3.059689054829908272e-01
2.267837196810132028e+01 4.025668052467471503e-01 4.025668051421858462e-01 4.025668052059951374e-01
2.277654673852600098e+01 5.031713410985760859e-01 5.031713409791388480e-01 5.031713410630056504e-01
2.287472150895068168e+01 6.034419968711033366e-01 6.034419967397954832e-01 6.034419968438609061e-01
2.297289627937536238e+01 6.990749470023166490e-01 6.990749468627900365e-01 6.990749469861776699e-01
2.307107104980004308e+01 7.860005388721437170e-01 7.860005387303826696e-01 7.860005388683188876e-01
2.316924582022472379e+01 8.605685857382308068e-01 8.605685855959985808e-01 8.605685857505640524e-01
2.326742059064940449e+01 9.197107752821831461e-01 9.197107751466878645e-01 9.197107753101034788e-01
2.336559536107408519e+01 9.610703661513203544e-01 9.610703660259451997e-01 9.610703661963213573e-01
2.346377013149876589e+01 9.830968103324705387e-01 9.830968102209813875e-01 9.830968103943923397e-01
2.356194490192344659e+01 9.851014146166727770e-01 9.851014145229617380e-01 9.851014146945452632e-01
2.366011967234813085e+01 9.672693845914711597e-01 9.672693845173945260e-01 9.672693846842198573e-01
2.375829444277281155e+01 9.306315920371233119e-01 9.306315919853308527e-01 9.306315921420038606e-01
2.385646921319749225e+01 8.770000229103578349e-01 8.770000228792771413e-01 8.770000230262644525e-01
2.395464398362217295e+01 8.088678303271165104e-01 8.088678303191575436e-01 8.088678304489714810e-01
2.405281875404685366e+01 7.292814048220001011e-01 7.292814048299290919e-01 7.292814049437793544e-01
2.415099352447153436e+01 6.416940295531314842e-01 6.416940295736672795e-01 6.416940296695783363e-01
2.424916829489621506e+01 5.498055051605189592e-01 5.498055051912537072e-01 5.498055052674332144e-01
2.434734306532089576e+01 4.573956976483515291e-01 4.573956976854812728e-01 4.573956977430859716e-01
2.444551783574557646e+01 3.681632083599007954e-01 3.681632083999935023e-01 3.681632084405406236e-01
2.454369260617025716e+01 2.855739464719685428e-01 2.855739465124014220e-01 2.855739465370207841e-01
