t fidelity1 fidelity2
0.000000000000000000e+00 0.000000000000000000e+00 0.000000000000000000e+00
9.817477042468103487e-02 9.822121603825837918e-03 9.822121603825837918e-03
1.963495408493620697e-01 3.889439211483256692e-02 3.889439211483256692e-02
2.945243112740431046e-01 8.605096774743846433e-02 8.605096774743846433e-02
3.926990816987241395e-01 1.494028436978690200e-01 1.494028436978690200e-01
4.908738521234051744e-01 2.264164250570274983e-01 2.264164250570274983e-01
5.890486225480862092e-01 3.140185928012180216e-01 3.140185928012180216e-01
6.872233929727672441e-01 4.087236237659205296e-01 4.087236237659205296e-01
7.853981633974482790e-01 5.067763969749066177e-01 5.067763969749066177e-01
8.835729338221293139e-01 6.043056605388307245e-01 6.043056605388307245e-01
9.817477042468103487e-01 6.974807713605271076e-01 6.974807713605271076e-01
1.079922474671491273e+00 7.826652658450383715e-01 7.826652658450383715e-01
1.178097245096172418e+00 8.565608692875584795e-01 8.565608692875584795e-01
1.276272015520853564e+00 9.163360847131332143e-01 9.163360847131332143e-01
1.374446785945534488e+00 9.597342849274169696e-01 9.597342849274169696e-01
1.472621556370215412e+00 9.851572191937597589e-01 9.851572191937597589e-01
1.570796326794896558e+00 9.917209845482690689e-01 9.917209845482690689e-01
1.668971097219577704e+00 9.792827423821395261e-01 9.792827423821395261e-01
1.767145867644258628e+00 9.484377229128592157e-01 9.484377229128592157e-01
1.865320638068939552e+00 9.004872945287062391e-01 9.004872945287062391e-01
1.963495408493620697e+00 8.373800274287187539e-01 8.373800274287187539e-01
2.061670178918301843e+00 7.616287044910509119e-01 7.616287044910509119e-01
2.159844949342982545e+00 6.762070891461903210e-01 6.762070891461903210e-01
2.258019719767663691e+00 5.844309230006229372e-01 5.844309230006229372e-01
2.356194490192344837e+00 4.898280789199617180e-01 4.898280789199617180e-01
2.454369260617025983e+00 3.960030330246147035e-01 3.960030330246147035e-01
2.552544031041707129e+00 3.065008464932453269e-01 3.065008464932453269e-01
2.650718801466387831e+00 2.246756789531653142e-01 2.246756789531653142e-01
2.748893571891068976e+00 1.535685104516536226e-01 1.535685104516536226e-01
2.847068342315750122e+00 9.579825467967499619e-02 9.579825467967499619e-02
2.945243112740430824e+00 5.346983166511244667e-02 5.346983166511244667e-02
3.043417883165111970e+00 2.810206436039605626e-02 2.810206436039605626e-02
3.141592653589793116e+00 2.057750092098422842e-02 2.057750092098422842e-02
3.239767424014474262e+00 3.111547184248805373e-02 3.111547184248805373e-02
3.337942194439155408e+00 5.926889465191139544e-02 5.926889465191139544e-02
3.436116964863836110e+00 1.039445613913121264e-01 1.039445613913121264e-01
3.534291735288517255e+00 1.634459050043630124e-01 1.634459050043630124e-01
3.632466505713198401e+00 2.355365557989113900e-01 2.355365557989113900e-01
3.730641276137879103e+00 3.175223811734380064e-01 3.175223811734380064e-01
3.828816046562560249e+00 4.063491609551175832e-01 4.063491609551175832e-01
3.926990816987241395e+00 4.987125952366261994e-01 4.987125952366261994e-01
4.025165587411922097e+00 5.911769783901303921e-01 5.911769783901303921e-01
4.123340357836603687e+00 6.802986079805123376e-01 6.802986079805123376e-01
4.221515128261284389e+00 7.627498360456395066e-01 7.627498360456395066e-01
4.319689898685965090e+00 8.354396176554022002e-01 8.354396176554022002e-01
4.417864669110646680e+00 8.956264722036224590e-01 8.956264722036224590e-01
4.516039439535327382e+00 9.410199499531307632e-01 9.410199499531307632e-01
4.614214209960008972e+00 9.698669918144953161e-01 9.698669918144953161e-01
4.712388980384689674e+00 9.810199837843077697e-01 9.810199837843077697e-01
4.810563750809370376e+00 9.739838354178869118e-01 9.739838354178869118e-01
4.908738521234051966e+00 9.489400468391582244e-01 9.489400468391582244e-01
5.006913291658732668e+00 9.067464592716913963e-01 9.067464592716913963e-01
5.105088062083414258e+00 8.489121931323678760e-01 8.489121931323678760e-01
5.203262832508094959e+00 7.775481434687961935e-01 7.775481434687961935e-01
5.301437602932775661e+00 6.952942981150251889e-01 6.952942981150251889e-01
5.399612373357457251e+00 6.052260381936224176e-01 6.052260381936224176e-01
5.497787143782137953e+00 5.107424389128830677e-01 5.107424389128830677e-01
5.595961914206818655e+00 4.154403743439171737e-01 4.154403743439171737e-01
5.694136684631500245e+00 3.229789059690574837e-01 3.229789059690574837e-01
5.792311455056180947e+00 2.369389657408466909e-01 2.369389657408466909e-01
5.890486225480861648e+00 1.606836982107068823e-01 1.606836982107068823e-01
5.988660995905543238e+00 9.722497662688286968e-02 9.722497662688286968e-02
6.086835766330223940e+00 4.910153596355985861e-02 4.910153596355985861e-02
6.185010536754905530e+00 1.827386205024500443e-02 1.827386205024500443e-02
6.283185307179586232e+00 6.040441245780648130e-03 6.040441245780648130e-03
6.381360077604266934e+00 1.297922163601527082e-02 1.297922163601527082e-02
6.479534848028948524e+00 3.891718815828783262e-02 3.891718815828783262e-02
6.577709618453629226e+00 8.292984495660250810e-02 8.292984495660250810e-02
6.675884388878310816e+00 1.433711730413405605e-01 1.433711730413405605e-01
6.774059159302991517e+00 2.179333423713440965e-01 2.179333423713440965e-01
6.872233929727672219e+00 3.037341628453427700e-01 3.037341628453427700e-01
6.970408700152353809e+00 3.974290192555720580e-01 3.974290192555720580e-01
7.068583470577034511e+00 4.953429115717966069e-01 4.953429115717966069e-01
7.166758241001715213e+00 5.936172709478292342e-01 5.936172709478292342e-01
7.264933011426396803e+00 6.883654937214540581e-01 6.883654937214540581e-01
7.363107781851077505e+00 7.758306707848704464e-01 7.758306707848704464e-01
7.461282552275758206e+00 8.525388161221668648e-01 8.525388161221668648e-01
7.559457322700439796e+00 9.154410299494828429e-01 9.154410299494828429e-01
7.657632093125120498e+00 9.620384673461196412e-01 9.620384673461196412e-01
7.755806863549802088e+00 9.904847055313366067e-01 9.904847055313366067e-01
7.853981633974482790e+00 9.996610800438485711e-01 9.996610800438485711e-01
7.952156404399163492e+00 9.892217465595176673e-01 9.892217465595176673e-01
8.050331174823844194e+00 9.596065643027560377e-01 9.596065643027560377e-01
8.148505945248526672e+00 9.120213241491000877e-01 9.120213241491000877e-01
8.246680715673207374e+00 8.483862900761396375e-01 8.483862900761396375e-01
8.344855486097888075e+00 7.712554162091210808e-01 7.712554162091210808e-01
8.443030256522568777e+00 6.837098759204661702e-01 6.837098759204661702e-01
8.541205026947249479e+00 5.892306335499891690e-01 5.892306335499891690e-01
8.639379797371930181e+00 4.915556525508864572e-01 4.915556525508864572e-01
8.737554567796612659e+00 3.945279281152719864e-01 3.945279281152719864e-01
8.835729338221293361e+00 3.019408340186516826e-01 3.019408340186516826e-01
8.933904108645974063e+00 2.173872745312689647e-01 2.173872745312689647e-01
9.032078879070654764e+00 1.441188403934999251e-01 1.441188403934999251e-01
9.130253649495335466e+00 8.492060543098120529e-02 8.492060543098120529e-02
9.228428419920017944e+00 4.200640283559031740e-02 4.200640283559031740e-02
9.326603190344698646e+00 1.693843351466467820e-02 1.693843351466467820e-02
9.424777960769379348e+00 1.057393688827203831e-02 1.057393688827203831e-02
9.522952731194060050e+00 2.304045506700725873e-02 2.304045506700725873e-02
9.621127501618740752e+00 5.374000331587870660e-02 5.374000331587870660e-02
9.719302272043423230e+00 1.013812795202660988e-01 1.013812795202660988e-01
9.817477042468103932e+00 1.640379540465009556e-01 1.640379540465009556e-01
9.915651812892784633e+00 2.392301221348312468e-01 2.392301221348312468e-01
1.001382658331746534e+01 3.240252073708794756e-01 3.240252073708794756e-01
1.011200135374214604e+01 4.151539997952774508e-01 4.151539997952774508e-01
1.021017612416682852e+01 5.091371078340739542e-01 5.091371078340739542e-01
1.030835089459150922e+01 6.024169009686710652e-01 6.024169009686710652e-01
1.040652566501618992e+01 6.914900119864062500e-01 6.914900119864062500e-01
1.050470043544087062e+01 7.730356379732016281e-01 7.730356379732016281e-01
1.060287520586555132e+01 8.440352061822200547e-01 8.440352061822200547e-01
1.070104997629023202e+01 9.018794288928256853e-01 9.018794288928256853e-01
1.079922474671491450e+01 9.444593328540907828e-01 9.444593328540907828e-01
1.089739951713959520e+01 9.702384863587553143e-01 9.702384863587553143e-01
1.099557428756427591e+01 9.783043343924630042e-01 9.783043343924630042e-01
1.109374905798895661e+01 9.683972662299011880e-01 9.683972662299011880e-01
1.119192382841363731e+01 9.409167601268005887e-01 9.409167601268005887e-01
1.129009859883831979e+01 8.969046596163475771e-01 8.969046596163475771e-01
1.138827336926300049e+01 8.380063217482958127e-01 8.380063217482958127e-01
1.148644813968768119e+01 7.664110283633686072e-01 7.664110283633686072e-01
1.158462291011236189e+01 6.847736578856599143e-01 6.847736578856599143e-01
1.168279768053704260e+01 5.961201687125619042e-01 5.961201687125619042e-01
1.178097245096172330e+01 5.037399376675711915e-01 5.037399376675711915e-01
1.187914722138640577e+01 4.110684190767790458e-01 4.110684190767790458e-01
1.197732199181108648e+01 3.215639316996975472e-01 3.215639316996975472e-01
1.207549676223576718e+01 2.385826307532311896e-01 2.385826307532311896e-01
1.217367153266044788e+01 1.652558686172506675e-01 1.652558686172506675e-01
1.227184630308512858e+01 1.043741784327840011e-01 1.043741784327840011e-01
1.237002107350981106e+01 5.828201862581106757e-02 5.828201862581106757e-02
1.246819584393449176e+01 2.878718450350735772e-02 2.878718450350735772e-02
1.256637061435917246e+01 1.708842018373731009e-02 1.708842018373731009e-02
1.266454538478385317e+01 2.372424981027125915e-02 2.372424981027125915e-02
1.276272015520853387e+01 4.854539692394246875e-02 4.854539692394246875e-02
1.286089492563321635e+01 9.071238756588545504e-02 9.071238756588545504e-02
1.295906969605789705e+01 1.487190561007300793e-01 1.487190561007300793e-01
1.305724446648257775e+01 2.204417200764036688e-01 2.204417200764036688e-01
1.315541923690725845e+01 3.032127955785298146e-01 3.032127955785298146e-01
1.325359400733193915e+01 3.939166269111761265e-01 3.939166269111761265e-01
1.335176877775662163e+01 4.891043473171305389e-01 4.891043473171305389e-01
1.344994354818130233e+01 5.851237158760242973e-01 5.851237158760242973e-01
1.354811831860598303e+01 6.782591340830730342e-01 6.782591340830730342e-01
1.364629308903066374e+01 7.648764751111963855e-01 7.648764751111963855e-01
1.374446785945534444e+01 8.415669948404379541e-01 8.415669948404379541e-01
1.384264262988002514e+01 9.052844637228046887e-01 9.052844637228046887e-01
1.394081740030470762e+01 9.534697796093454247e-01 9.534697796093454247e-01
1.403899217072938832e+01 9.841576992837643978e-01 9.841576992837643978e-01
1.413716694115406902e+01 9.960609534976190282e-01 9.960609534976190282e-01
1.423534171157874972e+01 9.886278668202150843e-01 9.886278668202150843e-01
1.433351648200343043e+01 9.620706573013709795e-01 9.620706573013709795e-01
1.443169125242811290e+01 9.173627983958917431e-01 9.173627983958917431e-01
1.452986602285279361e+01 8.562051342244854091e-01 8.562051342244854091e-01
1.462804079327747431e+01 7.809617897623971627e-01 7.809617897623971627e-01
1.472621556370215501e+01 6.945682469216376553e-01 6.945682469216376553e-01
1.482439033412683571e+01 6.004152021799394889e-01 6.004152021799394889e-01
1.492256510455151641e+01 5.022129206950637359e-01 5.022129206950637359e-01
1.502073987497619889e+01 4.038417011015387192e-01 4.038417011015387192e-01
1.511891464540087959e+01 3.091947188698945248e-01 3.091947188698945248e-01
1.521708941582556029e+01 2.220198902805343710e-01 2.220198902805343710e-01
1.531526418625024100e+01 1.457674733423823810e-01 1.457674733423823810e-01
1.541343895667492170e+01 8.344989075600706130e-02 8.344989075600706130e-02
1.551161372709960418e+01 3.751973286190492946e-02 3.751973286190492946e-02
1.560978849752428488e+01 9.771099793305735443e-03 9.771099793305735443e-03
1.570796326794896558e+01 1.268409707366346560e-03 1.268409707366346560e-03
1.580613803837364628e+01 1.230558354366768740e-02 1.230558354366768740e-02
1.590431280879832698e+01 4.239717480378805969e-02 4.239717480378805969e-02
1.600248757922300769e+01 9.030160981938600839e-02 9.030160981938600839e-02
1.610066234964768839e+01 1.540753068382828550e-01 1.540753068382828550e-01
1.619883712007236909e+01 2.311551169402838446e-01 2.311551169402838446e-01
1.629701189049705334e+01 3.184653377581653233e-01 3.184653377581653233e-01
1.639518666092173405e+01 4.125445460561104616e-01 4.125445460561104616e-01
1.649336143134641475e+01 5.096867209164990253e-01 5.096867209164990253e-01
1.659153620177109545e+01 6.060906167166197900e-01 6.060906167166197900e-01
1.668971097219577615e+01 6.980111116085181422e-01 6.980111116085181422e-01
1.678788574262045685e+01 7.819063059317550302e-01 7.819063059317550302e-01
1.688606051304513755e+01 8.545744649645712343e-01 8.545744649645712343e-01
1.698423528346981826e+01 9.132754677752473738e-01 9.132754677752473738e-01
1.708241005389449896e+01 9.558322035998053634e-01 9.558322035998053634e-01
1.718058482431917966e+01 9.807083052088733099e-01 9.807083052088733099e-01
1.727875959474386036e+01 9.870596750803758423e-01 9.870596750803758423e-01
1.737693436516854462e+01 9.747583916620421451e-01 9.747583916620421451e-01
1.747510913559322532e+01 9.443887262398542592e-01 9.443887262398542592e-01
1.757328390601790602e+01 8.972161052765708078e-01 8.972161052765708078e-01
1.767145867644258672e+01 8.351308731105399064e-01 8.351308731105399064e-01
1.776963344686726742e+01 7.605696074147559882e-01 7.605696074147559882e-01
1.786780821729194813e+01 6.764174853061782899e-01 6.764174853061782899e-01
1.796598298771662883e+01 5.858957714543637785e-01 5.858957714543637785e-01
1.806415775814130953e+01 4.924388905933942406e-01 4.924388905933942406e-01
1.816233252856599023e+01 3.995657542822486641e-01 3.995657542822486641e-01
1.826050729899067093e+01 3.107500425324228321e-01 3.107500425324228321e-01
1.835868206941535519e+01 2.292940087017850959e-01 2.292940087017850959e-01
1.845685683984003589e+01 1.582100995474659821e-01 1.582100995474659821e-01
1.855503161026471659e+01 1.001142834659283359e-01 1.001142834659283359e-01
1.865320638068939729e+01 5.713448211234503638e-02 5.713448211234503638e-02
1.875138115111407799e+01 3.083692705485551605e-02 3.083692705485551605e-02
1.884955592153875870e+01 2.217263577362638127e-02 2.217263577362638127e-02
1.894773069196343940e+01 3.144553979818656003e-02 3.144553979818656003e-02
1.904590546238812010e+01 5.830311903518476530e-02 5.830311903518476530e-02
1.914408023281280080e+01 1.017497146142906372e-01 1.017497146142906372e-01
1.924225500323748150e+01 1.601820197804175727e-01 1.601820197804175727e-01
1.934042977366216221e+01 2.314455947253083457e-01 2.314455947253083457e-01
1.943860454408684646e+01 3.129106261987961157e-01 3.129106261987961157e-01
1.953677931451152716e+01 4.015645657611208175e-01 4.015645657611208175e-01
1.963495408493620786e+01 4.941187420044930723e-01 4.941187420044930723e-01
1.973312885536088856e+01 5.871255638282333322e-01 5.871255638282333322e-01
1.983130362578556927e+01 6.771025274836673935e-01 6.771025274836673935e-01
1.992947839621024997e+01 7.606589248196269359e-01 7.606589248196269359e-01
2.002765316663493067e+01 8.346209402426333357e-01 8.346209402426333357e-01
2.012582793705961137e+01 8.961507357706002264e-01 8.961507357706002264e-01
2.022400270748429207e+01 9.428551724538078993e-01 9.428551724538078993e-01
2.032217747790897278e+01 9.728800149078199455e-01 9.728800149078199455e-01
2.042035224833365703e+01 9.849858219553162542e-01 9.849858219553162542e-01
2.051852701875833773e+01 9.786022426818897779e-01 9.786022426818897779e-01
2.061670178918301843e+01 9.538581085501387502e-01 9.538581085501387502e-01
2.071487655960769914e+01 9.115855252676186016e-01 9.115855252676186016e-01
2.081305133003237984e+01 8.532971007710065114e-01 8.532971007710065114e-01
2.091122610045706054e+01 7.811364672240802554e-01 7.811364672240802554e-01
2.100940087088174124e+01 6.978033267236238846e-01 6.978033267236238846e-01
2.110757564130642194e+01 6.064553274511055303e-01 6.064553274511055303e-01
2.120575041173110264e+01 5.105901099395160347e-01 5.105901099395160347e-01
2.130392518215578335e+01 4.139118007985851944e-01 4.139118007985851944e-01
2.140209995258046405e+01 3.201870236303017148e-01 3.201870236303017148e-01
2.150027472300514830e+01 2.330960981165886847e-01 2.330960981165886847e-01
2.159844949342982900e+01 1.560854696917768070e-01 1.560854696917768070e-01
2.169662426385450971e+01 9.222752503953482450e-02 9.222752503953482450e-02
2.179479903427919041e+01 4.409378623354207050e-02 4.409378623354207050e-02
2.189297380470387111e+01 1.364703575807819751e-02 1.364703575807819751e-02
2.199114857512855181e+01 2.157217510260967929e-03 2.157217510260967929e-03
2.208932334555323251e+01 1.014501126332198640e-02 1.014501126332198640e-02
2.218749811597791322e+01 3.735582950770557215e-02 3.735582950770557215e-02
2.228567288640259392e+01 8.276568729500539956e-02 8.276568729500539956e-02
2.238384765682727462e+01 1.446190079891095381e-01 1.446190079891095381e-01
2.248202242725195532e+01 2.204970168948295617e-01 2.204970168948295617e-01
2.258019719767663958e+01 3.074140091376982298e-01 3.074140091376982298e-01
2.267837196810132028e+01 4.019375250328173776e-01 4.019375250328173776e-01
2.277654673852600098e+01 5.003273874904686780e-01 5.003273874904686780e-01
2.287472150895068168e+01 5.986877051784790238e-01 5.986877051784790238e-01
2.297289627937536238e+01 6.931253641094646811e-01 6.931253641094646811e-01
2.307107104980004308e+01 7.799082471872079703e-01 7.799082471872079703e-01
2.316924582022472379e+01 8.556164489375722715e-01 8.556164489375722715e-01
2.326742059064940449e+01 9.172800882497267327e-01 9.172800882497267327e-01
2.336559536107408519e+01 9.624979470419570138e-01 9.624979470419570138e-01
2.346377013149876589e+01 9.895320445972350942e-01 9.895320445972350942e-01
2.356194490192344659e+01 9.973743507788644935e-01 9.973743507788644935e-01
2.366011967234813085e+01 9.857830915706290442e-01 9.857830915706290442e-01
2.375829444277281155e+01 9.552874458509609257e-01 9.552874458509609257e-01
2.385646921319749225e+01 9.071608081632047682e-01 9.071608081632047682e-01
2.395464398362217295e+01 8.433641337856420117e-01 8.433641337856420117e-01
2.405281875404685366e+01 7.664621284143751101e-01 7.664621284143751101e-01
2.415099352447153436e+01 6.795161405266402221e-01 6.795161405266402221e-01
2.424916829489621506e+01 5.859585143581911293e-01 5.859585143581911293e-01
2.434734306532089576e+01 4.894538307647429143e-01 4.894538307647429143e-01
2.444551783574557646e+01 3.937528798030236477e-01 3.937528798030236477e-01
2.454369260617025716e+01 3.025453632737251097e-01 3.025453632737251097e-01
