t fidelity9 fidelity25
0.000000000000000000e+00 0.000000000000000000e+00 0.000000000000000000e+00
7.853981633974483484e-03 5.550541915827476337e-04 1.541253412737317221e-03
1.570796326794896697e-02 2.218910893279231120e-03 6.155121984589924725e-03
2.356194490192345045e-02 4.987588551523727126e-03 1.381350527680467836e-02
3.141592653589793394e-02 8.855471013952710690e-03 2.446939936522824280e-02
3.926990816987241395e-02 1.381345891939098937e-02 3.805785089859443221e-02
4.712388980384690090e-02 1.985121529436329954e-02 5.449450217581218447e-02
5.497787143782138092e-02 2.695486288571827954e-02 7.367765524453882831e-02
6.283185307179586787e-02 3.510934468818804888e-02 9.548923823279067968e-02
7.068583470577034789e-02 4.429603816109423803e-02 1.197942056572414427e-01
7.853981633974482790e-02 5.449449154467467943e-02 1.464435075776515660e-01
8.639379797371930791e-02 6.568196533780686075e-02 1.752723578957810779e-01
9.424777960769380181e-02 7.783377090985510449e-02 2.061037734756852036e-01
1.021017612416682679e-01 9.092287931797887746e-02 2.387469363147247670e-01
1.099557428756427618e-01 1.049199950555363414e-01 2.730013229545948383e-01
1.178097245096172280e-01 1.197941603990365367e-01 3.086551651365129212e-01
1.256637061435917357e-01 1.355126400249785368e-01 3.454886215896065260e-01
1.335176877775662019e-01 1.520403900959206300e-01 3.832753106309317315e-01
1.413716694115406958e-01 1.693404844103164608e-01 4.217823300082552684e-01
1.492256510455151619e-01 1.873749621314382274e-01 4.607722362721943798e-01
1.570796326794896558e-01 2.061037549837731464e-01 5.000047778518398323e-01
1.649336143134641219e-01 2.254848939038810451e-01 5.392377377468450250e-01
1.727875959474386158e-01 2.454754767523326109e-01 5.782285058235717701e-01
1.806415775814131097e-01 2.660315344270829940e-01 6.167370765248278985e-01
1.884955592153876036e-01 2.871071593651968179e-01 6.545266478781956998e-01
1.963495408493620697e-01 3.086551118534553440e-01 6.913647628500896314e-01
2.042035224833365359e-01 3.306279601848821637e-01 7.270245914197960291e-01
2.120575041173110298e-01 3.529770599225292571e-01 7.612853968281761974e-01
2.199114857512855237e-01 3.756528253634905945e-01 7.939354133256310009e-01
2.277654673852600176e-01 3.986049244259201596e-01 8.247727556686617056e-01
2.356194490192344559e-01 4.217823776717259388e-01 8.536067259996443779e-01
2.434734306532089776e-01 4.451337116613401923e-01 8.802592441036476423e-01
2.513274122871834715e-01 4.686071623402972008e-01 9.045662493637510737e-01
2.591813939211579099e-01 4.921505842327419389e-01 9.263781033733542447e-01
2.670353755551324038e-01 5.157116260959277998e-01 9.455593280875307372e-01
2.748893571891068976e-01 5.392378412793306097e-01 9.619922147709586424e-01
2.827433388230813915e-01 5.626767925954297977e-01 9.755769603861136341e-01
2.905973204570558299e-01 5.859764583451398945e-01 9.862289285429657326e-01
2.984513020910303238e-01 6.090854042309868932e-01 9.938821119259720893e-01
3.063052837250048177e-01 6.319523922676720806e-01 9.984905177012732835e-01
3.141592653589793116e-01 6.545267469757095613e-01 1.000026638234455589e+00
3.220132469929538055e-01 6.767584748753427970e-01 9.984797477531224263e-01
3.298672286269282439e-01 6.985983786338486601e-01 9.938600714632415123e-01
3.377212102609027378e-01 7.199978190857214688e-01 9.861955858691854315e-01
3.455751918948772317e-01 7.409090597917485921e-01 9.755335689297894852e-01
3.534291735288517255e-01 7.612855716161890385e-01 9.619397668046930638e-01
3.612831551628262194e-01 7.810819947892410076e-01 9.454978882509884608e-01
3.691371367968006578e-01 8.002542475769869323e-01 9.263097049556935358e-01
3.769911184307752072e-01 8.187596341308664982e-01 9.044929372721978167e-01
3.848451000647496456e-01 8.365569408270036034e-01 8.801820301603846541e-01
3.926990816987241395e-01 8.536065580138139097e-01 8.535268307233987439e-01
4.005530633326986334e-01 8.698705886141877563e-01 8.246921250686691796e-01
4.084070449666730718e-01 8.853129537145904004e-01 7.938560077839778018e-01
4.162610266006476212e-01 8.998995009429513470e-01 7.612080491906643154e-01
4.241150082346220596e-01 9.135979930534240401e-01 7.269494496259507610e-01
4.319689898685965534e-01 9.263775841538965938e-01 6.912916164468780877e-01
4.398229715025710473e-01 9.382098260827836933e-01 6.544540915226373379e-01
4.476769531365454857e-01 9.490685469097251969e-01 6.166629252901408842e-01
4.555309347705200351e-01 9.589298637292439365e-01 5.781508838238886838e-01
4.633849164044944735e-01 9.677722750619528469e-01 5.391556646420381238e-01
4.712388980384689119e-01 9.755763586180014046e-01 4.999179771906557268e-01
4.790928796724434613e-01 9.823241101056388036e-01 4.606799282437628040e-01
4.869468613064179552e-01 9.880005461406060618e-01 4.216848575181730285e-01
4.948008429403924491e-01 9.925932032554385387e-01 3.831755802923884069e-01
5.026548245743669430e-01 9.960921559188790075e-01 3.453904457580981857e-01
5.105088062083413813e-01 9.984900822007860555e-01 3.085601888691086869e-01
5.183627878423158197e-01 9.997816665713816775e-01 2.729110333045676740e-01
5.262167694762903691e-01 9.999634780780586318e-01 2.386611866883044386e-01
5.340707511102648075e-01 9.990352135601267003e-01 2.060211956666254673e-01
5.419247327442392459e-01 9.969991572538322577e-01 1.751940891255914234e-01
5.497787143782137953e-01 9.938598462184445870e-01 1.463701785717925752e-01
5.576326960121882337e-01 9.896239645496827109e-01 1.197272369805179731e-01
5.654866776461627831e-01 9.843009430615846655e-01 9.542974879673056521e-02
5.733406592801372215e-01 9.779027166317110220e-01 7.362818359600296902e-02
5.811946409141116598e-01 9.704434916529196542e-01 5.445645729977913185e-02
5.890486225480862092e-01 9.619396781290767695e-01 3.803114129855072328e-02
5.969026041820606476e-01 9.524102182121508831e-01 2.445275744487516306e-02
6.047565858160351970e-01 9.418764299799425865e-01 1.380780695676896500e-02
6.126105674500096354e-01 9.303616843641727696e-01 6.161669963915689281e-03
6.204645490839840738e-01 9.178913287454742997e-01 1.559976101814124867e-03
6.283185307179586232e-01 9.044930229909966535e-01 2.995395255346675750e-05
6.361725123519330616e-01 8.901965324841634164e-01 1.582854764724350109e-03
6.440264939859076110e-01 8.750335876531938339e-01 6.207753764602426394e-03
6.518804756198820494e-01 8.590378376677311190e-01 1.387675222571729816e-02
6.597344572538564877e-01 8.422449087792551747e-01 2.454288008603614651e-02
6.675884388878310371e-01 8.246923068572351578e-01 3.814026548759985591e-02
6.754424205218054755e-01 8.064189860236743446e-01 5.458552812752143213e-02
6.832964021557800249e-01 7.874653155533690718e-01 7.377688042527791312e-02
6.911503837897544633e-01 7.678733426772875736e-01 9.559620972141602557e-02
6.990043654237289017e-01 7.476865450631683396e-01 1.199086441518527474e-01
7.068583470577034511e-01 7.269497510567743959e-01 1.465641463260012323e-01
7.147123286916778895e-01 7.057090599231438111e-01 1.753988150344088781e-01
7.225663103256524389e-01 6.840117237832473718e-01 2.062348522883414581e-01
7.304202919596268773e-01 6.619055661045647465e-01 2.388824907553102617e-01
7.382742735936013156e-01 6.394394550265691812e-01 2.731407085794276823e-01
7.461282552275758650e-01 6.166631930691733876e-01 3.087984788790059665e-01
7.539822368615504145e-01 5.936273171825360295e-01 3.456359569286880373e-01
7.618362184955248528e-01 5.703830056962148065e-01 3.834255380843230587e-01
7.696902001294992912e-01 5.469819852683160954e-01 4.219334466778283943e-01
7.775441817634737296e-01 5.234763331098363226e-01 4.609210268843990654e-01
7.853981633974482790e-01 4.999180945462906589e-01 5.001471029165039939e-01
7.932521450314228284e-01 4.763597251408034916e-01 5.393704740867495406e-01
8.011061266653972668e-01 4.528538072795700309e-01 5.783503181967364348e-01
8.089601082993717052e-01 4.294529237259705479e-01 6.168487568980467461e-01
8.168140899333461435e-01 4.062095576897154503e-01 6.546289252273109760e-01
8.246680715673206929e-01 3.831759928959881378e-01 6.914564633925927017e-01
8.325220532012952424e-01 3.604033037831291253e-01 7.271040407217576051e-01
8.403760348352696807e-01 3.379412126937925698e-01 7.613512021277735187e-01
8.482300164692441191e-01 3.158394820546480131e-01 7.939860707676766882e-01
8.560839981032185575e-01 2.941469998312549738e-01 8.248065183917161480e-01
8.639379797371931069e-01 2.729116530749586267e-01 8.536213694420354825e-01
8.717919613711676563e-01 2.521802047736572128e-01 8.802519455864884490e-01
8.796459430051420947e-01 2.319982090557331511e-01 9.045350876050252120e-01
8.874999246391165331e-01 2.124109825319571709e-01 9.263235399047724528e-01
8.953539062730909714e-01 1.934624120002712000e-01 9.454874387128756608e-01
9.032078879070654098e-01 1.751946234333064123e-01 9.619143423334389764e-01
9.110618695410400703e-01 1.576482254238240066e-01 9.754983829244278093e-01
9.189158511750145086e-01 1.408622041321040130e-01 9.861512216756583848e-01
9.267698328089889470e-01 1.248738182333311714e-01 9.938016732631973493e-01
9.346238144429633854e-01 1.097185575555024439e-01 9.984055041407344788e-01
9.424777960769378238e-01 9.543035580078165769e-02 9.999380074636112781e-01
9.503317777109124842e-01 8.204099180623003473e-02 9.983900828620163592e-01
9.581857593448869226e-01 6.958011798741091380e-02 9.937692689434409754e-01
9.660397409788612499e-01 5.807520390229210794e-02 9.861028839530318058e-01
9.738937226128359104e-01 4.755143675202795628e-02 9.754392714648955076e-01
9.817477042468103487e-01 3.803162188174329106e-02 9.618452550232630127e-01
9.896016858807848982e-01 2.953687981508019630e-02 9.454041996836389794e-01
9.974556675147593365e-01 2.208720905073215807e-02 9.262167066169791907e-01
1.005309649148733886e+00 1.569921128953844641e-02 9.044009311089640235e-01
1.013163630782708324e+00 1.038699886805245602e-02 8.800914636448979866e-01
1.021017612416682763e+00 6.162154458714291794e-03 8.534368952748616621e-01
1.028871594050657201e+00 3.033658722090089820e-03 8.246003368262326827e-01
1.036725575684631639e+00 1.007830532681481747e-03 7.937631248900826053e-01
1.044579557318606300e+00 8.962149427331304874e-05 7.611218905989819428e-01
1.052433538952580738e+00 2.815992714655106595e-04 7.268707960015878822e-01
1.060287520586555177e+00 1.583091401181191144e-03 6.912220248077436402e-01
1.068141502220529615e+00 3.990768159141524184e-03 6.543951399020875304e-01
1.075995483854504053e+00 7.499362039906651636e-03 6.166166508105855870e-01
1.083849465488478492e+00 1.210150164979649848e-02 5.781200052873107786e-01
1.091703447122453152e+00 1.778694094380633625e-02 5.391414031210183255e-01
1.099557428756427591e+00 2.454293469612252657e-02 4.999204593706707556e-01
1.107411410390402029e+00 3.235450251401671834e-02 4.606993829372694194e-01
1.115265392024376467e+00 4.120450977081194927e-02 4.217212056996014202e-01
1.123119373658351128e+00 5.107327901322533670e-02 3.832271786996532259e-01
1.130973355292325566e+00 6.193877518038157920e-02 3.454543399924165925e-01
1.138827336926300005e+00 7.377682370537005929e-02 3.086352552585609477e-01
1.146681318560274443e+00 8.656130002783966881e-02 2.729958724076931298e-01
1.154535300194248881e+00 1.002637519585800052e-01 2.387552164722335224e-01
1.162389281828223320e+00 1.148535972166697533e-01 2.061253692261392212e-01
1.170243263462197980e+00 1.302983555876260358e-01 1.753072705148060739e-01
1.178097245096172418e+00 1.465639680120778277e-01 1.464903623266304300e-01
1.185951226730146857e+00 1.636143445303620825e-01 1.198520454520332623e-01
1.193805208364121295e+00 1.814116117120103955e-01 9.555805725850521903e-02
1.201659189998095956e+00 1.999162438574741962e-01 7.375851635105842852e-02
1.209513171632070394e+00 2.190872814906794641e-01 5.458757129316134382e-02
1.217367153266044832e+00 2.388822187930412788e-01 3.816298573049949072e-02
1.225221134900019271e+00 2.592571576722911830e-01 2.458771513375588788e-02
1.233075116533993709e+00 2.801669077783042749e-01 1.394516356930569113e-02
1.240929098167968148e+00 3.015650843198341979e-01 6.299082349567041231e-03
1.248783079801942808e+00 3.234042042060514266e-01 1.693852774980375260e-03
1.256637061435917246e+00 3.456356915776328531e-01 1.608027545357258476e-04
1.264491043069891685e+00 3.682100654200402001e-01 1.709415597227450373e-03
1.272345024703866123e+00 3.910770551289822761e-01 6.329979121954589991e-03
1.280199006337840784e+00 4.141856833069140209e-01 1.399436497897686010e-02
1.288052987971815222e+00 4.374843739926834174e-01 2.465455834394560813e-02
1.295906969605789660e+00 4.609210634300655585e-01 3.824547886312731210e-02
1.303760951239764099e+00 4.844435555843155106e-01 5.468325639719657377e-02
1.311614932873738537e+00 5.079998655607204094e-01 7.386656307663003185e-02
1.319468914507712975e+00 5.315377615778982268e-01 9.567701731837414958e-02
1.327322896141687636e+00 5.550051741482543433e-01 1.199796806136180088e-01
1.335176877775662074e+00 5.783503586382886530e-01 1.466255926047253244e-01
1.343030859409636513e+00 6.015220554731057767e-01 1.754509256195977973e-01
1.350884841043610951e+00 6.244695130733824984e-01 2.062779590277281916e-01
1.358738822677585611e+00 6.471411170466190299e-01 2.389158925136896927e-01
1.366592804311560050e+00 6.694862684540914266e-01 2.731626448319096623e-01
1.374446785945534488e+00 6.914553484532004468e-01 3.088077316073736256e-01
1.382300767579508927e+00 7.129995358708848263e-01 3.456315540968066813e-01
1.390154749213483365e+00 7.340709113410873732e-01 3.834072151106849846e-01
1.398008730847457803e+00 7.546225607295516946e-01 4.219018174235755758e-01
1.405862712481432242e+00 7.746087980675130380e-01 4.608784193395044637e-01
1.413716694115406902e+00 7.939852955362587394e-01 5.000968449790880177e-01
1.421570675749381341e+00 8.127089929301314353e-01 5.393148547532409243e-01
1.429424657383355779e+00 8.307383065119893217e-01 5.782895943458347121e-01
1.437278639017330439e+00 8.480332393542457936e-01 6.167798916127232856e-01
1.445132620651304878e+00 8.645554911461452718e-01 6.545498491918945172e-01
1.452986602285279316e+00 8.802684995806463464e-01 6.913666522176381557e-01
1.460840583919253755e+00 8.951371010588440313e-01 7.270032300269737568e-01
1.468694565553228193e+00 9.091282170411120189e-01 7.612398205791566230e-01
1.476548547187202631e+00 9.222108250635195903e-01 7.938649039614429359e-01
1.484402528821177070e+00 9.343559823998138780e-01 8.246769264716624637e-01
1.492256510455151730e+00 9.455369112641541784e-01 8.534859966404342302e-01
1.500110492089126168e+00 9.557290820270625264e-01 8.801151409929985903e-01
1.507964473723100829e+00 9.649097585383912268e-01 9.044009051576842317e-01
1.515818455357075267e+00 9.730582174004965834e-01 9.261912402359301355e-01
1.523672436991049706e+00 9.801563297695757848e-01 9.453515260453616564e-01
1.531526418625024144e+00 9.861882954055721795e-01 9.617646498826160073e-01
1.539380400258998582e+00 9.911406820035147947e-01 9.753319589137688927e-01
1.547234381892973021e+00 9.950024605832602509e-01 9.859695076059600272e-01
1.555088363526947459e+00 9.977650368094160838e-01 9.936095875296155899e-01
1.562942345160921898e+00 9.994222779709915905e-01 9.982069649860241256e-01
1.570796326794896558e+00 9.999705373222951277e-01 9.997338805452165023e-01
1.578650308428870996e+00 9.994086734555476248e-01 9.981796671195349857e-01
1.586504290062845657e+00 9.977380658989363216e-01 9.935545042431583873e-01
1.594358271696820095e+00 9.949626268256482886e-01 9.858863172732473812e-01
1.602212253330794534e+00 9.910888030432584150e-01 9.752226268960738631e-01
1.610066234964768972e+00 9.861250532460568152e-01 9.616289644837305861e-01
1.617920216598743410e+00 9.800821563947319515e-01 9.451894056209230177e-01
1.625774198232717849e+00 9.729734725395755568e-01 9.260053395313979641e-01
1.633628179866692287e+00 9.648146891784605828e-01 9.041947970456072348e-01
1.641482161500666725e+00 9.556237783735068714e-01 8.798918611668657963e-01
1.649336143134641386e+00 9.454209479326618482e-01 8.532459804622370969e-01
1.657190124768615824e+00 9.342287206845426573e-01 8.244217236730703169e-01
1.665044106402590485e+00 9.220722129674923107e-01 7.935970441428713551e-01
1.672898088036564923e+00 9.089784828374216641e-01 7.609624957363821940e-01
1.680752069670539361e+00 8.949766855441008140e-01 7.267195770787572284e-01
1.688606051304513800e+00 8.800980420892220435e-01 6.910797836779161152e-01
1.696460032938488238e+00 8.643757784022261248e-01 6.542632363015368213e-01
1.704314014572462677e+00 8.478450427504105047e-01 6.164966953795593119e-01
1.712167996206437115e+00 8.305422869991049284e-01 5.780115712619743329e-01
1.720021977840411553e+00 8.125056412426757690e-01 5.390425913412829617e-01
1.727875959474386214e+00 7.937749495425685531e-01 4.998266713208669998e-01
1.735729941108360652e+00 7.743914921986519984e-01 4.606086750449396860e-01
1.743583922742335313e+00 7.543978684878257512e-01 4.216345800681177702e-01
1.751437904376309751e+00 7.338378730392494109e-01 3.831515671408733947e-01
1.759291886010284189e+00 7.127569326556980611e-01 3.453987726391644641e-01
1.767145867644258628e+00 6.912027885650912085e-01 3.086040470583539808e-01
1.774999849278233066e+00 6.692235895535273427e-01 2.729879690467388875e-01
1.782853830912207505e+00 6.468685359470525142e-01 2.387613856511420218e-01
1.790707812546181943e+00 6.241878347894778134e-01 2.061403571682732250e-01
1.798561794180156381e+00 6.012326134315020276e-01 1.753292936057643248e-01
1.806415775814130820e+00 5.780547443426816701e-01 1.465246352029453136e-01
1.814269757448105480e+00 5.547053729777217113e-01 1.199043463666184250e-01
1.822123739082080141e+00 5.312362125632570375e-01 9.562930034096613074e-02
1.829977720716054579e+00 5.076994335156563842e-01 7.384632401053765893e-02
1.837831702350029017e+00 4.841471860280001649e-01 5.468629967662172464e-02
1.845685683984003456e+00 4.606314315650444358e-01 3.827047966022846526e-02
1.853539665617977894e+00 4.372037680844082508e-01 2.470120336491650817e-02
1.861393647251952332e+00 4.139158928858712727e-01 1.406405696337660778e-02
1.869247628885926771e+00 3.908198382930155867e-01 6.424418512571514195e-03
1.877101610519901209e+00 3.679663980311740912e-01 1.828551736957574701e-03
1.884955592153875648e+00 3.454056341420965737e-01 3.036907121712112867e-04
1.892809573787850308e+00 3.231867454168885212e-01 1.858297745294787764e-03
1.900663555421824968e+00 3.013579217300602631e-01 6.483935723650982585e-03
1.908517537055799407e+00 2.799664645860493462e-01 1.415252164001240542e-02
1.916371518689773845e+00 2.590611031750446602e-01 2.481733026948011733e-02
1.924225500323748284e+00 2.386889582639155349e-01 3.841347882617255488e-02
1.932079481957722500e+00 2.188958670981987764e-01 5.485610359684228721e-02
1.939933463591697160e+00 1.997267710229290172e-01 7.404048779104707712e-02
1.947787445225671821e+00 1.812256858588134900e-01 9.584700664722577146e-02
1.955641426859646037e+00 1.634356782655094487e-01 1.201455059573380696e-01
1.963495408493620697e+00 1.463963660555237800e-01 1.467913606287363226e-01
1.971349390127595136e+00 1.301437490595911406e-01 1.756174835059131911e-01
1.979203371761569796e+00 1.147136071553335329e-01 2.064410599819126169e-01
1.987057353395544013e+00 1.001394791927318062e-01 2.390709943829966988e-01
1.994911335029518673e+00 8.645247360431655703e-02 2.733050570803384760e-01
2.002765316663492889e+00 7.368107508630661329e-02 3.089355329844995501e-01
2.010619298297467772e+00 6.185179928952255768e-02 3.457539713153559013e-01
2.018473279931442210e+00 5.099382776381963800e-02 3.835384734774445192e-01
2.026327261565416649e+00 4.113230912564921904e-02 4.220398386751931796e-01
2.034181243199391087e+00 3.228988232347507203e-02 4.610007033525324038e-01
2.042035224833365525e+00 2.448732095887437218e-02 5.001933578296506866e-01
2.049889206467339964e+00 1.774295306253801177e-02 5.393978445371021557e-01
2.057743188101314402e+00 1.207043447606843609e-02 5.783680469941534508e-01
2.065597169735288841e+00 7.481854206808188218e-03 6.168498098134356233e-01
2.073451151369263279e+00 3.986733716591857150e-03 6.546042525222857122e-01
2.081305133003237717e+00 1.591734193269978611e-03 6.914066278783055353e-01
2.089159114637212600e+00 3.013932091316690737e-04 7.270340938735505576e-01
2.097013096271187038e+00 1.199515032591882871e-04 7.612629991110924088e-01
2.104867077905161477e+00 1.048344435579627587e-03 7.938788340865949866e-01
2.112721059539135915e+00 3.085296804028295724e-03 8.246799879642616737e-01
2.120575041173110353e+00 6.226208091985865542e-03 8.534754561597126532e-01
2.128429022807084792e+00 1.046366403047505229e-02 8.800917024321378568e-01
2.136283004441059230e+00 1.578787857929756649e-02 9.043746342708409713e-01
2.144136986075033668e+00 2.218657965187322001e-02 9.261742757703124163e-01
2.151990967709008107e+00 2.964589909143049498e-02 9.453410988022167283e-01
2.159844949342982545e+00 3.814944772402929785e-02 9.617463307719579246e-01
2.167698930976956984e+00 4.767867851957878489e-02 9.753012246978828292e-01
2.175552912610931866e+00 5.821244617745001404e-02 9.859372495566425254e-01
2.183406894244906304e+00 6.972716784590141104e-02 9.935780409706774785e-01
2.191260875878880743e+00 8.219712606545097333e-02 9.981720385755005198e-01
2.199114857512855181e+00 9.559442742829649120e-02 9.996957022963527395e-01
2.206968839146829620e+00 1.098894601666087489e-01 9.981396297272318030e-01
2.214822820780804058e+00 1.250505612936123612e-01 9.935113795434656891e-01
2.222676802414778496e+00 1.410442178467797569e-01 9.858403932328756447e-01
2.230530784048752935e+00 1.578349942622246094e-01 9.751745669594851229e-01
2.238384765682727373e+00 1.753856371310649198e-01 9.615790284966815316e-01
2.246238747316702256e+00 1.936572814853256275e-01 9.451374251415634031e-01
2.254092728950676694e+00 2.126094196804119152e-01 9.259511689349866348e-01
2.261946710584651132e+00 2.321997162538325665e-01 9.041392891037403068e-01
2.269800692218625571e+00 2.523842875910701777e-01 8.798373229135776352e-01
2.277654673852600009e+00 2.731176856990624180e-01 8.531944418891074244e-01
2.285508655486574447e+00 2.943531648976262516e-01 8.243699723645132593e-01
2.293362637120548886e+00 3.160430831682667918e-01 7.935436073189449102e-01
2.301216618754523324e+00 3.381394105225336566e-01 7.609071588267689590e-01
2.309070600388497763e+00 3.605945028458295010e-01 7.266620093764912802e-01
2.316924582022472201e+00 3.833618052169196488e-01 6.910190564049558670e-01
2.324778563656446639e+00 4.063944806876083615e-01 6.541982485666795188e-01
2.332632545290421522e+00 4.296357812003579468e-01 6.164271462223728237e-01
2.340486526924395960e+00 4.530331080996248816e-01 5.779384456808851489e-01
2.348340508558370399e+00 4.765350403387199618e-01 5.389688475464979867e-01
2.356194490192344837e+00 5.000897321943682527e-01 4.997576999007455334e-01
2.364048471826319275e+00 5.236441818382531199e-01 4.605461811831953467e-01
2.371902453460293714e+00 5.471462488585264738e-01 4.215766107659395523e-01
2.379756435094268152e+00 5.705441152812551486e-01 3.830899572242486006e-01
2.387610416728242591e+00 5.937857639156831624e-01 3.453247679998324160e-01
2.395464398362217029e+00 6.168192847195471673e-01 3.085140217639610882e-01
2.403318379996191911e+00 6.395933838895011547e-01 2.728851897036461693e-01
2.411172361630165906e+00 6.620572972088430985e-01 2.386586650692123501e-01
2.419026343264140788e+00 6.841612337697945412e-01 2.060455722302308446e-01
2.426880324898115227e+00 7.058562087105174632e-01 1.752460588204203529e-01
2.434734306532089665e+00 7.270941709160052557e-01 1.464483622766928339e-01
2.442588288166064103e+00 7.478281759459761702e-01 1.198277829183319598e-01
2.450442269800038542e+00 7.680125128646327903e-01 9.555034808233303645e-02
2.458296251434012980e+00 7.876026530232871359e-01 7.376676578626094327e-02
2.466150233067987418e+00 8.065545520136998547e-01 5.461199392287569010e-02
2.474004214701961857e+00 8.248259082696880462e-01 3.820453970521779652e-02
2.481858196335936295e+00 8.423759666624129894e-01 2.464535520466236418e-02
2.489712177969911178e+00 8.591655265911382067e-01 1.401679610898898774e-02
2.497566159603885616e+00 8.751570366438893300e-01 6.382510302415279543e-03
2.505420141237860054e+00 8.903147989086331870e-01 1.791546110649141956e-03
2.513274122871834493e+00 9.046052911227130400e-01 2.723657314719733226e-04
2.521128104505808931e+00 9.179968259865092239e-01 1.834336207158379205e-03
2.528982086139783370e+00 9.304598141305643333e-01 6.467944048115917277e-03
2.536836067773757808e+00 9.419668821920259560e-01 1.414378019755152538e-02
2.544690049407732246e+00 9.524929760141002122e-01 2.481510040039237516e-02
2.552544031041706685e+00 9.620148198581545129e-01 3.841612650627213715e-02
2.560398012675681567e+00 9.705105857484609411e-01 5.486294464833513240e-02
2.568251994309655561e+00 9.779614813464816425e-01 7.405434095342655620e-02
2.576105975943630444e+00 9.843511487315632635e-01 9.587147193344539020e-02
2.583959957577604882e+00 9.896657239734872880e-01 1.201803431953449297e-01
2.591813939211579321e+00 9.938939109674403971e-01 1.468312940308862113e-01
2.599667920845553759e+00 9.970261311128322257e-01 1.756599941605447301e-01
2.607521902479528197e+00 9.990547828467337688e-01 2.064886570568872093e-01
2.615375884113502636e+00 9.999753547939703724e-01 2.391264619131380220e-01
2.623229865747477074e+00 9.997858787156499449e-01 2.733725469614182169e-01
2.631083847381451957e+00 9.984867969745541139e-01 3.090160587853906238e-01
2.638937829015425951e+00 9.960807786920234941e-01 3.458371654881500223e-01
2.646791810649400833e+00 9.925732277671763804e-01 3.836084675931074051e-01
2.654645792283375272e+00 9.879721302033299679e-01 4.220976311235561385e-01
2.662499773917349710e+00 9.822879134848525595e-01 4.610675561889855945e-01
2.670353755551324149e+00 9.755328587502536397e-01 5.002775068110129064e-01
2.678207737185298587e+00 9.677219188350690837e-01 5.394847109630714899e-01
2.686061718819273025e+00 9.588724995791474415e-01 5.784479915411021578e-01
2.693915700453247464e+00 9.490043711132947202e-01 6.169276337175393365e-01
2.701769682087221902e+00 9.381392993932148316e-01 6.546862292731019384e-01
2.709623663721196341e+00 9.263013826666098849e-01 6.914906527802021641e-01
2.717477645355171223e+00 9.135170026542167587e-01 7.271138998566728517e-01
2.725331626989145217e+00 8.998147332269106347e-01 7.613363521714959781e-01
2.733185608623120100e+00 8.852248298389358006e-01 7.939470467706077894e-01
2.741039590257094538e+00 8.697794985874985896e-01 8.247452567353003028e-01
2.748893571891068976e+00 8.535129850657509065e-01 8.535406997215094771e-01
2.756747553525043415e+00 8.364613991677946059e-01 8.801551818200760158e-01
2.764601535159017853e+00 8.186625846089261582e-01 9.044249712761154303e-01
2.772455516792992292e+00 8.001560687396496174e-01 9.262016461564739345e-01
2.780309498426966730e+00 7.809830764067381415e-01 9.453507459612823238e-01
2.788163480060941612e+00 7.611864342634214742e-01 9.617524023343484441e-01
2.796017461694915607e+00 7.408102204073651054e-01 9.753059807716744078e-01
2.803871443328890489e+00 7.198993779445697072e-01 9.859296196506871501e-01
2.811725424962864484e+00 6.985002944142402193e-01 9.935585167092201297e-01
2.819579406596839366e+00 6.766604485594986951e-01 9.981436684663916870e-01
2.827433388230813804e+00 6.544283098268650622e-01 9.996581741432890578e-01
2.835287369864788243e+00 6.318532446006108749e-01 9.980926520884559894e-01
2.843141351498762681e+00 6.089854224371322733e-01 9.934558733928613439e-01
2.850995333132737120e+00 5.858756977540318100e-01 9.857771686383118848e-01
2.858849314766711558e+00 5.625751545075587945e-01 9.751033906811104046e-01
2.866703296400685996e+00 5.391354223038047344e-01 9.615002006625368303e-01
2.874557278034660879e+00 5.156085702242056978e-01 9.450521890296438299e-01
2.882411259668634873e+00 4.920469193801969565e-01 9.258601350017134912e-01
2.890265241302609756e+00 4.685029417415111919e-01 9.040425518049448605e-01
2.898119222936584194e+00 4.450291589644904122e-01 8.797343760210540875e-01
2.905973204570558632e+00 4.216780412203784967e-01 8.530844305426990015e-01
2.913827186204533071e+00 3.985014949971955045e-01 8.242568456527293863e-01
2.921681167838507509e+00 3.755503916299725020e-01 7.934293890266186366e-01
2.929535149472481947e+00 3.528756763906379934e-01 7.607924308523005275e-01
2.937389131106456386e+00 3.305277084112158148e-01 7.265485979151925511e-01
2.945243112740431268e+00 3.085561260751275570e-01 6.909089551083532621e-01
2.953097094374405263e+00 2.870097335185649579e-01 6.540924506824216111e-01
2.960951076008380145e+00 2.659363871318613515e-01 6.163257733588509701e-01
2.968805057642354139e+00 2.453828893903205188e-01 5.778415238005826238e-01
2.976659039276329022e+00 2.253950194556056941e-01 5.388767981208630875e-01
2.984513020910303460e+00 2.060172551606556102e-01 4.996715273845372951e-01
2.992367002544277899e+00 1.872926521288388879e-01 4.604677375756886515e-01
3.000220984178252337e+00 1.692627737969403523e-01 4.215080769268583216e-01
3.008074965812226775e+00 1.519675796159803971e-01 3.830344129114510721e-01
3.015928947446201658e+00 1.354453132520489489e-01 3.452832859757924422e-01
3.023782929080175652e+00 1.197323907871295223e-01 3.084865274906578581e-01
3.031636910714150535e+00 1.048637187259192638e-01 2.728709019974581707e-01
3.039490892348124529e+00 9.087314111782367199e-02 2.386557234849931430e-01
3.047344873982099411e+00 7.779180244273943556e-02 2.060518513413265029e-01
3.055198855616073850e+00 6.564869762606394266e-02 1.752613698359555272e-01
3.063052837250048288e+00 5.447061177329143300e-02 1.464743242162037107e-01
3.070906818884022726e+00 4.428202096024241169e-02 1.198679062746620949e-01
3.078760800517997165e+00 3.510499302328278642e-02 9.560519029920795664e-02
3.086614782151971603e+00 2.695915768099156271e-02 7.383712002337422531e-02
3.094468763785946042e+00 1.986358131691790332e-02 5.469902878771790850e-02
3.102322745419920924e+00 1.383460900465561388e-02 3.830818164829590672e-02
3.110176727053894918e+00 8.885417957409094333e-03 2.476350663844181788e-02
3.118030708687869801e+00 5.026602055713833526e-03 1.414662370276109117e-02
3.125884690321843795e+00 2.266104271151234834e-03 6.526275336461062788e-03
3.133738671955818678e+00 6.103402169301996210e-04 1.948455784820105584e-03
3.141592653589793116e+00 6.348796699365037916e-05 4.400611590230751446e-04
