t fidelity1
0.000000000000000000e+00 0.000000000000000000e+00
7.853981633974483484e-03 1.048167753611547320e-03
1.570796326794896697e-02 4.187130862473372947e-03
2.356194490192345045e-02 9.400984768288154700e-03
3.141592653589793394e-02 1.666344942030185960e-02
3.926990816987241395e-02 2.593700422343402784e-02
4.712388980384690090e-02 3.717425358423939730e-02
5.497787143782138092e-02 5.031763037194379729e-02
6.283185307179586787e-02 6.530037776005517824e-02
7.068583470577034789e-02 8.204619854674534418e-02
7.853981633974482790e-02 1.004701501133006408e-01
8.639379797371930791e-02 1.204784397832375648e-01
9.424777960769380181e-02 1.419700891740287296e-01
1.021017612416682679e-01 1.648361790762208900e-01
1.099557428756427618e-01 1.889616948138824748e-01
1.178097245096172280e-01 2.142253234847152077e-01
1.256637061435917357e-01 2.405003309483675356e-01
1.335176877775662019e-01 2.676563995465010004e-01
1.413716694115406958e-01 2.955594491453557571e-01
1.492256510455151619e-01 3.240723637590696704e-01
1.570796326794896558e-01 3.530543793341952563e-01
1.649336143134641219e-01 3.823627736608486427e-01
1.727875959474386158e-01 4.118536067446895710e-01
1.806415775814131097e-01 4.413849836788905634e-01
1.884955592153876036e-01 4.708160473799852808e-01
1.963495408493620697e-01 5.000076888129981745e-01
2.042035224833365359e-01 5.288226616337765584e-01
2.120575041173110298e-01 5.571269674888057466e-01
2.199114857512855237e-01 5.847907758302928194e-01
2.277654673852600176e-01 6.116872303139844202e-01
2.356194490192344559e-01 6.376936809948747786e-01
2.434734306532089776e-01 6.626928830556251260e-01
2.513274122871834715e-01 6.865769148823537282e-01
2.591813939211579099e-01 7.092475889024159041e-01
2.670353755551324038e-01 7.306154155390185423e-01
2.748893571891068976e-01 7.505961008461892181e-01
2.827433388230813915e-01 7.691100664373344831e-01
2.905973204570558299e-01 7.860874444097043501e-01
2.984513020910303238e-01 8.014684514341687827e-01
3.063052837250048177e-01 8.152052195314580807e-01
3.141592653589793116e-01 8.272594173807864548e-01
3.220132469929538055e-01 8.376021338071020228e-01
3.298672286269282439e-01 8.462119569619662718e-01
3.377212102609027378e-01 8.530786496758918647e-01
3.455751918948772317e-01 8.582021586867940588e-01
3.534291735288517255e-01 8.615925301741356179e-01
3.612831551628262194e-01 8.632688641757975123e-01
3.691371367968006578e-01 8.632598160568871748e-01
3.769911184307752072e-01 8.616034527036805502e-01
3.848451000647496456e-01 8.583462754918895765e-01
3.926990816987241395e-01 8.535431927571728306e-01
4.005530633326986334e-01 8.472575994551670986e-01
4.084070449666730718e-01 8.395604311879365511e-01
4.162610266006476212e-01 8.305291498542302087e-01
4.241150082346220596e-01 8.202484646119840850e-01
4.319689898685965534e-01 8.088093962866556019e-01
4.398229715025710473e-01 7.963075146923783709e-01
4.476769531365454857e-01 7.828432601856615269e-01
4.555309347705200351e-01 7.685211134763498819e-01
4.633849164044944735e-01 7.534487083376926186e-01
4.712388980384689119e-01 7.377360907713021998e-01
4.790928796724434613e-01 7.214960711599778254e-01
4.869468613064179552e-01 7.048424235544279437e-01
4.948008429403924491e-01 6.878890315023631352e-01
5.026548245743669430e-01 6.707492455957676514e-01
5.105088062083413813e-01 6.535350590756554556e-01
5.183627878423158197e-01 6.363578571090154901e-01
5.262167694762903691e-01 6.193265869665238732e-01
5.340707511102648075e-01 6.025464487306557704e-01
5.419247327442392459e-01 5.861185451655224199e-01
5.497787143782137953e-01 5.701390817106720688e-01
5.576326960121882337e-01 5.547007228069230633e-01
5.654866776461627831e-01 5.398913964297296086e-01
5.733406592801372215e-01 5.257919086541413822e-01
5.811946409141116598e-01 5.124763303434649586e-01
5.890486225480862092e-01 5.000114156177455360e-01
5.969026041820606476e-01 4.884572092250110686e-01
6.047565858160351970e-01 4.778671806808962863e-01
6.126105674500096354e-01 4.682857628743049005e-01
6.204645490839840738e-01 4.597489132991649519e-01
6.283185307179586232e-01 4.522837929128645240e-01
6.361725123519330616e-01 4.459094092456961644e-01
6.440264939859076110e-01 4.406380425636203246e-01
6.518804756198820494e-01 4.364722288657559290e-01
6.597344572538564877e-01 4.334058728773003133e-01
6.675884388878310371e-01 4.314249472655115603e-01
6.754424205218054755e-01 4.305072172109404294e-01
6.832964021557800249e-01 4.306224153365139640e-01
6.911503837897544633e-01 4.317325473879544129e-01
6.990043654237289017e-01 4.337921846819481897e-01
7.068583470577034511e-01 4.367488770942434817e-01
7.147123286916778895e-01 4.405435280010709942e-01
7.225663103256524389e-01 4.451107673820244304e-01
7.304202919596268773e-01 4.503795320203951014e-01
7.382742735936013156e-01 4.562735993173125948e-01
7.461282552275758650e-01 4.627122053278763802e-01
7.539822368615504145e-01 4.696106904948681438e-01
7.618362184955248528e-01 4.768811948754209107e-01
7.696902001294992912e-01 4.844331804374328310e-01
7.775441817634737296e-01 4.921737683031554567e-01
7.853981633974482790e-01 5.000089831805941687e-01
7.932521450314228284e-01 5.078443362016828999e-01
8.011061266653972668e-01 5.155856034222483508e-01
8.089601082993717052e-01 5.231393482102781878e-01
8.168140899333461435e-01 5.304118634839758428e-01
8.246680715673206929e-01 5.373118565273876657e-01
8.325220532012952424e-01 5.437507631457694224e-01
8.403760348352696807e-01 5.496432245063089805e-01
8.482300164692441191e-01 5.549077796153540909e-01
8.560839981032185575e-01 5.594682617024293592e-01
8.639379797371931069e-01 5.632541000925390673e-01
8.717919613711676563e-01 5.662008244443559324e-01
8.796459430051420947e-01 5.682510478402349463e-01
8.874999246391165331e-01 5.693552543407370825e-01
8.953539062730909714e-01 5.694688719188660819e-01
9.032078879070654098e-01 5.685501080963603071e-01
9.110618695410400703e-01 5.665678381083462112e-01
9.189158511750145086e-01 5.634986054759913987e-01
9.267698328089889470e-01 5.593282593189122798e-01
9.346238144429633854e-01 5.540517584051072308e-01
9.424777960769378238e-01 5.476726862295396847e-01
9.503317777109124842e-01 5.402037012639314684e-01
9.581857593448869226e-01 5.316634761136777021e-01
9.660397409788612499e-01 5.220790910765844561e-01
9.738937226128359104e-01 5.114860827116252118e-01
9.817477042468103487e-01 4.999294072696208180e-01
9.896016858807848982e-01 4.874620634477545011e-01
9.974556675147593365e-01 4.741447402526226540e-01
1.005309649148733886e+00 4.600443738317078202e-01
1.013163630782708324e+00 4.452348007294597010e-01
1.021017612416682763e+00 4.297964395532789528e-01
1.028871594050657201e+00 4.138164140104833022e-01
1.036725575684631639e+00 3.973872868331909669e-01
1.044579557318606300e+00 3.806066872265989609e-01
1.052433538952580738e+00 3.635767531861226476e-01
1.060287520586555177e+00 3.464036032375467644e-01
1.068141502220529615e+00 3.291950880909569332e-01
1.075995483854504053e+00 3.120601091969177898e-01
1.083849465488478492e+00 2.951083079253871144e-01
1.091703447122453152e+00 2.784548411394394130e-01
1.099557428756427591e+00 2.622172366968553714e-01
1.107411410390402029e+00 2.465137039864796209e-01
1.115265392024376467e+00 2.314538618365005185e-01
1.123119373658351128e+00 2.171438640167179523e-01
1.130973355292325566e+00 2.036869335819935789e-01
1.138827336926300005e+00 1.911905321543673486e-01
1.146681318560274443e+00 1.797580924589315121e-01
1.154535300194248881e+00 1.694871890370673317e-01
1.162389281828223320e+00 1.604661019988654347e-01
1.170243263462197980e+00 1.527774220351656997e-01
1.178097245096172418e+00 1.464987976462109875e-01
1.185951226730146857e+00 1.417020142425957085e-01
1.193805208364121295e+00 1.384510741685435753e-01
1.201659189998095956e+00 1.368010199890934697e-01
1.209513171632070394e+00 1.367981580290290045e-01
1.217367153266044832e+00 1.384798429001808107e-01
1.225221134900019271e+00 1.418749179515323977e-01
1.233075116533993709e+00 1.470027501896373212e-01
1.240929098167968148e+00 1.538730866767279992e-01
1.248783079801942808e+00 1.624857479901861967e-01
1.256637061435917246e+00 1.728307320089206289e-01
1.264491043069891685e+00 1.848881119479716950e-01
1.272345024703866123e+00 1.986280458086781275e-01
1.280199006337840784e+00 2.140107839709035342e-01
1.288052987971815222e+00 2.309870201106332954e-01
1.295906969605789660e+00 2.494981626600059066e-01
1.303760951239764099e+00 2.694764778928711579e-01
1.311614932873738537e+00 2.908451057544221285e-01
1.319468914507712975e+00 3.135184904209233903e-01
1.327322896141687636e+00 3.374029189587628985e-01
1.335176877775662074e+00 3.623977463214546613e-01
1.343030859409636513e+00 3.883956382212002123e-01
1.350884841043610951e+00 4.152829495408553173e-01
1.358738822677585611e+00 4.429386643707527993e-01
1.366592804311560050e+00 4.712361344911821792e-01
1.374446785945534488e+00 5.000439010185029343e-01
1.382300767579508927e+00 5.292277848775888138e-01
1.390154749213483365e+00 5.586503326693557092e-01
1.398008730847457803e+00 5.881722598472980401e-01
1.405862712481432242e+00 6.176535555690670920e-01
1.413716694115406902e+00 6.469547208001520389e-01
1.421570675749381341e+00 6.759330007263655293e-01
1.429424657383355779e+00 7.044423754824304940e-01
1.437278639017330439e+00 7.323357629110518463e-01
1.445132620651304878e+00 7.594764510739688834e-01
1.452986602285279316e+00 7.857357129850408572e-01
1.460840583919253755e+00 8.109918905358102226e-01
1.468694565553228193e+00 8.351156821575931311e-01
1.476548547187202631e+00 8.579806934779188321e-01
1.484402528821177070e+00 8.794648008804373251e-01
1.492256510455151730e+00 8.994633749850382554e-01
1.500110492089126168e+00 9.178786961479221684e-01
1.507964473723100829e+00 9.346205942421255131e-01
1.515818455357075267e+00 9.496009216754390803e-01
1.523672436991049706e+00 9.627412632075814658e-01
1.531526418625024144e+00 9.739737081555990272e-01
1.539380400258998582e+00 9.832424178590153385e-01
1.547234381892973021e+00 9.905016053473327808e-01
1.555088363526947459e+00 9.957142406565155923e-01
1.562942345160921898e+00 9.988528014921005393e-01
1.570796326794896558e+00 9.999001854361156960e-01
1.578650308428870996e+00 9.988512353374707775e-01
1.586504290062845657e+00 9.957117781409681179e-01
1.594358271696820095e+00 9.904984828147268550e-01
1.602212253330794534e+00 9.832377489935569814e-01
1.610066234964768972e+00 9.739664969902037672e-01
1.617920216598743410e+00 9.627318099217859748e-01
1.625774198232717849e+00 9.495908728796721432e-01
1.633628179866692287e+00 9.346102664272644134e-01
1.641482161500666725e+00 9.178662807191060313e-01
1.649336143134641386e+00 8.994451707224155879e-01
1.657190124768615824e+00 8.794422730538963284e-01
1.665044106402590485e+00 8.579591323813349213e-01
1.672898088036564923e+00 8.351023346047486973e-01
1.680752069670539361e+00 8.109837706858261663e-01
1.688606051304513800e+00 7.857246243849211886e-01
1.696460032938488238e+00 7.594531627123676243e-01
1.704314014572462677e+00 7.323032253379518908e-01
1.712167996206437115e+00 7.044088370800328791e-01
1.720021977840411553e+00 6.759066397374716706e-01
1.727875959474386214e+00 6.469351683544275478e-01
1.735729941108360652e+00 6.176370546197065270e-01
1.743583922742335313e+00 5.881552429766944146e-01
1.751437904376309751e+00 5.586327716205666816e-01
1.759291886010284189e+00 5.292115430006445465e-01
1.767145867644258628e+00 5.000323586673363074e-01
1.774999849278233066e+00 4.712322862170728044e-01
1.782853830912207505e+00 4.429427181403463587e-01
1.790707812546181943e+00 4.152891887050722541e-01
1.798561794180156381e+00 3.883973929834548255e-01
1.806415775814130820e+00 3.623924492569333133e-01
1.814269757448105480e+00 3.373964564509168151e-01
1.822123739082080141e+00 3.135165269377665487e-01
1.829977720716054579e+00 2.908493382070940769e-01
1.837831702350029017e+00 2.694817339105610166e-01
1.845685683984003456e+00 2.495016528131843991e-01
1.853539665617977894e+00 2.309888098865837125e-01
1.861393647251952332e+00 2.140145085900116428e-01
1.869247628885926771e+00 1.986349733205191315e-01
1.877101610519901209e+00 1.848975637514497783e-01
1.884955592153875648e+00 1.728406048698566400e-01
1.892809573787850308e+00 1.624958582907160831e-01
1.900663555421824968e+00 1.538843348967508795e-01
1.908517537055799407e+00 1.470153369415414524e-01
1.916371518689773845e+00 1.418881526869966991e-01
1.924225500323748284e+00 1.384932601043846190e-01
1.932079481957722500e+00 1.368116874957771567e-01
1.939933463591697160e+00 1.368151574556863703e-01
1.947787445225671821e+00 1.384666805325087957e-01
1.955641426859646037e+00 1.417192324670630554e-01
1.963495408493620697e+00 1.465156315854643787e-01
1.971349390127595136e+00 1.527922163683015644e-01
1.979203371761569796e+00 1.604808286276414586e-01
1.987057353395544013e+00 1.695053283855106063e-01
1.994911335029518673e+00 1.797792170396300127e-01
2.002765316663492889e+00 1.912097512164366853e-01
2.010619298297467772e+00 2.037011465069764049e-01
2.018473279931442210e+00 2.171532808868819886e-01
2.026327261565416649e+00 2.314653852461817651e-01
2.034181243199391087e+00 2.465358823191723392e-01
2.042035224833365525e+00 2.622499436109779758e-01
2.049889206467339964e+00 2.784834565980821020e-01
2.057743188101314402e+00 2.951240831522985442e-01
2.065597169735288841e+00 3.120691952163167637e-01
2.073451151369263279e+00 3.292072088497773330e-01
2.081305133003237717e+00 3.464183590723817208e-01
2.089159114637212600e+00 3.635892574950744249e-01
2.097013096271187038e+00 3.806156764892227318e-01
2.104867077905161477e+00 3.973944736386451071e-01
2.112721059539135915e+00 4.138220004100165439e-01
2.120575041173110353e+00 4.297993661904322971e-01
2.128429022807084792e+00 4.452340711498152803e-01
2.136283004441059230e+00 4.600391214221063452e-01
2.144136986075033668e+00 4.741361764529835043e-01
2.151990967709008107e+00 4.874553526013854499e-01
2.159844949342982545e+00 4.999264821229648659e-01
2.167698930976956984e+00 5.114814050026248449e-01
2.175552912610931866e+00 5.220679956143090550e-01
2.183406894244906304e+00 5.316492457280195261e-01
2.191260875878880743e+00 5.401896954427697350e-01
2.199114857512855181e+00 5.476564453475303296e-01
2.206968839146829620e+00 5.540311419461706466e-01
2.214822820780804058e+00 5.593037444605384323e-01
2.222676802414778496e+00 5.634706759176549840e-01
2.230530784048752935e+00 5.665377923269010463e-01
2.238384765682727373e+00 5.685197552387536435e-01
2.246238747316702256e+00 5.694388707441951913e-01
2.254092728950676694e+00 5.693253118239702815e-01
2.261946710584651132e+00 5.682167829275808213e-01
2.269800692218625571e+00 5.661595589270747020e-01
2.277654673852600009e+00 5.632094916762764303e-01
2.285508655486574447e+00 5.594256523544660631e-01
2.293362637120548886e+00 5.548627146579728775e-01
2.301216618754523324e+00 5.495985126373726937e-01
2.309070600388497763e+00 5.437070494420999101e-01
2.316924582022472201e+00 5.372707224501990231e-01
2.324778563656446639e+00 5.303740672420012014e-01
2.332632545290421522e+00 5.231054705635215241e-01
2.340486526924395960e+00 5.155555487025058614e-01
2.348340508558370399e+00 5.078167708522264290e-01
2.356194490192344837e+00 4.999828817565667993e-01
2.364048471826319275e+00 4.921486873579781207e-01
2.371902453460293714e+00 4.844090114766848032e-01
2.379756435094268152e+00 4.768581547954210409e-01
2.387610416728242591e+00 4.695892501302749711e-01
2.395464398362217029e+00 4.626936847219896842e-01
2.403318379996191911e+00 4.562594914766220366e-01
2.411172361630165906e+00 4.503700102063595279e-01
2.419026343264140788e+00 4.451041968924050463e-01
2.426880324898115227e+00 4.405380404037004816e-01
2.434734306532089665e+00 4.367440185142531517e-01
2.442588288166064103e+00 4.337890320008957468e-01
2.450442269800038542e+00 4.317325198351765203e-01
2.458296251434012980e+00 4.306266168219136103e-01
2.466150233067987418e+00 4.305161716512430625e-01
2.474004214701961857e+00 4.314390400552376437e-01
2.481858196335936295e+00 4.334247266948609290e-01
2.489712177969911178e+00 4.364942462019600899e-01
2.497566159603885616e+00 4.406627331845295870e-01
2.505420141237860054e+00 4.459370028106859341e-01
2.513274122871834493e+00 4.523153337630307913e-01
2.521128104505808931e+00 4.597861595718475969e-01
2.528982086139783370e+00 4.683290764656952154e-01
2.536836067773757808e+00 4.779152965556744403e-01
2.544690049407732246e+00 4.885093576087611855e-01
2.552544031041706685e+00 5.000668352931501026e-01
2.560398012675681567e+00 5.125353072246088271e-01
2.568251994309655561e+00 5.258545878395569639e-01
2.576105975943630444e+00 5.399566305409484457e-01
2.583959957577604882e+00 5.547671874607802422e-01
2.591813939211579321e+00 5.702061678852964333e-01
2.599667920845553759e+00 5.861870496732143332e-01
2.607521902479528197e+00 6.026175849426739228e-01
2.615375884113502636e+00 6.194001927193142354e-01
2.623229865747477074e+00 6.364324665753593457e-01
2.631083847381451957e+00 6.536090866646829811e-01
2.638937829015425951e+00 6.708214842557026492e-01
2.646791810649400833e+00 6.879584764997346280e-01
2.654645792283375272e+00 7.049083063941058436e-01
2.662499773917349710e+00 7.215584249168003339e-01
2.670353755551324149e+00 7.377958116791321075e-01
2.678207737185298587e+00 7.535057610963629138e-01
2.686061718819273025e+00 7.685742436356257645e-01
2.693915700453247464e+00 7.828894254270533093e-01
2.701769682087221902e+00 7.963451576907527585e-01
2.709623663721196341e+00 8.088385354889577883e-01
2.717477645355171223e+00 8.202703623510618769e-01
2.725331626989145217e+00 8.305446934667596315e-01
2.733185608623120100e+00 8.395715978653079947e-01
2.741039590257094538e+00 8.472657121246218725e-01
2.748893571891068976e+00 8.535465454869195501e-01
2.756747553525043415e+00 8.583399034533577554e-01
2.764601535159017853e+00 8.615834438433849218e-01
2.772455516792992292e+00 8.632261153990336000e-01
2.780309498426966730e+00 8.632267671310814849e-01
2.788163480060941612e+00 8.615460545013270410e-01
2.796017461694915607e+00 8.581520448200750106e-01
2.803871443328890489e+00 8.530220164879248612e-01
2.811725424962864484e+00 8.461477066886611276e-01
2.819579406596839366e+00 8.375309953460883250e-01
2.827433388230813804e+00 8.271838056150567775e-01
2.835287369864788243e+00 8.151243936948830981e-01
2.843141351498762681e+00 8.013818956062465082e-01
2.850995333132737120e+00 7.859961268157340530e-01
2.858849314766711558e+00 7.690168857782172518e-01
2.866703296400685996e+00 7.505028302986925803e-01
2.874557278034660879e+00 7.305218786006508758e-01
2.882411259668634873e+00 7.091505803506245043e-01
2.890265241302609756e+00 6.864739417754763817e-01
2.898119222936584194e+00 6.625855321697735612e-01
2.905973204570558632e+00 6.375870292858478727e-01
2.913827186204533071e+00 6.115864742460607184e-01
2.921681167838507509e+00 5.846980550390598053e-01
2.929535149472481947e+00 5.570416718684396695e-01
2.937389131106456386e+00 5.287429168548223313e-01
2.945243112740431268e+00 4.999323878357773143e-01
2.953097094374405263e+00 4.707448641633754649e-01
2.960951076008380145e+00 4.413180401536317410e-01
2.968805057642354139e+00 4.117914830927948966e-01
2.976659039276329022e+00 3.823070170543349522e-01
2.984513020910303460e+00 3.530071538034879053e-01
2.992367002544277899e+00 3.240334489330449763e-01
3.000220984178252337e+00 2.955268809574564948e-01
3.008074965812226775e+00 2.676269874625933354e-01
3.015928947446201658e+00 2.404727155268571170e-01
3.023782929080175652e+00 2.142001738017370038e-01
3.031636910714150535e+00 1.889420576890595838e-01
3.039490892348124529e+00 1.648241000421262759e-01
3.047344873982099411e+00 1.419661870138282656e-01
3.055198855616073850e+00 1.204816672108429410e-01
3.063052837250048288e+00 1.004791496702021614e-01
3.070906818884022726e+00 8.206093775981884719e-02
3.078760800517997165e+00 6.532104516524869786e-02
3.086614782151971603e+00 5.034489449611879996e-02
3.094468763785946042e+00 3.720844948606637920e-02
3.102322745419920924e+00 2.597817875549396360e-02
3.110176727053894918e+00 1.671088630886129536e-02
3.118030708687869801e+00 9.454668685460656391e-03
3.125884690321843795e+00 4.246487738644172914e-03
3.133738671955818678e+00 1.112608272150828522e-03
3.141592653589793116e+00 6.963455524372032300e-05
