gt pop_n1 pop_n2 pop_mixed
0.000000000000000000e+00 0.000000000000000000e+00 0.000000000000000000e+00 0.000000000000000000e+00
1.570796326794896697e-02 2.467199161786458685e-04 2.467205601252356589e-04 2.467226145244968277e-04
3.141592653589793394e-02 9.866380441965613094e-04 9.866442358988009899e-04 9.866527765142623675e-04
4.712388980384690090e-02 2.219024032982658268e-03 2.219038985400984768e-03 2.219047986338092398e-03
6.283185307179586787e-02 3.942659466003301319e-03 3.942690387440192339e-03 3.942700883093238663e-03
7.853981633974482790e-02 6.155850066627799669e-03 6.155941035387357818e-03 6.155919073402146488e-03
9.424777960769380181e-02 8.856419129063975576e-03 8.856524385339183472e-03 8.856509091976688675e-03
1.099557428756427618e-01 1.204169024640567437e-02 1.204189496298571464e-02 1.204182145255700519e-02
1.256637061435917357e-01 1.570853276514557265e-02 1.570889254377379890e-02 1.570864723675840374e-02
1.413716694115406958e-01 1.985331831738627179e-02 1.985389904526280516e-02 1.985344367074060035e-02
1.570796326794896558e-01 2.447205880410976281e-02 2.447284202980475054e-02 2.447213215097661376e-02
1.727875959474386158e-01 2.955999470428539999e-02 2.956112101784691068e-02 2.956014381282255979e-02
1.884955592153876036e-01 3.511219934112408403e-02 3.511362267399326803e-02 3.511238666003324571e-02
2.042035224833365359e-01 4.112322248630453925e-02 4.112506940260958477e-02 4.112360748433740304e-02
2.199114857512855237e-01 4.758711361014764107e-02 4.758909655752811135e-02 4.758745572172557586e-02
2.356194490192344559e-01 5.449748451076780187e-02 5.449991878974817794e-02 5.449778443002235157e-02
2.513274122871834715e-01 6.184752998077307218e-02 6.185034811528245663e-02 6.184763104747818124e-02
2.670353755551324038e-01 6.962997222305691847e-02 6.963331921425627846e-02 6.963028774563094492e-02
2.827433388230813915e-01 7.783714737708086195e-02 7.783998717477552676e-02 7.783764454558672607e-02
2.984513020910303238e-01 8.646095254081576087e-02 8.646401981347554000e-02 8.646127385271829002e-02
3.141592653589793116e-01 9.549288036798832258e-02 9.549660042751655087e-02 9.549343151689462794e-02
3.298672286269282439e-01 1.049240189682161956e-01 1.049274049997721836e-01 1.049240812349409302e-01
3.455751918948772317e-01 1.147450596766966119e-01 1.147489861618679330e-01 1.147450277111218969e-01
3.612831551628262194e-01 1.249463108180473569e-01 1.249509084344374715e-01 1.249462701607066545e-01
3.769911184307752072e-01 1.355179370615805512e-01 1.355239857583548924e-01 1.355178641233614756e-01
3.926990816987241395e-01 1.464497301994392431e-01 1.464543239130098040e-01 1.464487024211774124e-01
4.084070449666730718e-01 1.577296944683130309e-01 1.577342419252020511e-01 1.577290861234396657e-01
4.241150082346220596e-01 1.693475178324282959e-01 1.693527460606527313e-01 1.693471024641549361e-01
4.398229715025710473e-01 1.812916626624754002e-01 1.812982670193479251e-01 1.812909508825536198e-01
4.555309347705200351e-01 1.935502617799234326e-01 1.935585104923258082e-01 1.935488642117998426e-01
4.712388980384689119e-01 2.061110931296124826e-01 2.061192733101039343e-01 2.061100592494514994e-01
4.869468613064179552e-01 2.189627073964479920e-01 2.189716777712552576e-01 2.189607737865730819e-01
5.026548245743669430e-01 2.320916184691797779e-01 2.321012738938740827e-01 2.320897526119276022e-01
5.183627878423158197e-01 2.454845743939922387e-01 2.454939173030746824e-01 2.454827509759195392e-01
5.340707511102648075e-01 2.591293895716416662e-01 2.591359894065753955e-01 2.591267194334910817e-01
5.497787143782137953e-01 2.730112360870058374e-01 2.730186245002544920e-01 2.730087683636371332e-01
5.654866776461627831e-01 2.871169358799741667e-01 2.871265203415902523e-01 2.871145209999345083e-01
5.811946409141116598e-01 3.014327705611145602e-01 3.014440152932089667e-01 3.014304295222651198e-01
5.969026041820606476e-01 3.159447994654493441e-01 3.159541155605013474e-01 3.159419370521249770e-01
6.126105674500096354e-01 3.306380520536468803e-01 3.306479859209715544e-01 3.306362258590295200e-01
6.283185307179586232e-01 3.454991608372330325e-01 3.455083364903070442e-01 3.454958522347835181e-01
6.440264939859076110e-01 3.605129557037670129e-01 3.605221692346857743e-01 3.605099625898561255e-01
6.597344572538564877e-01 3.756637748503169894e-01 3.756739277136830202e-01 3.756606831915986766e-01
6.754424205218054755e-01 3.909378730037645910e-01 3.909480989772758930e-01 3.909337691326133513e-01
6.911503837897544633e-01 4.063191764701477027e-01 4.063280820410052341e-01 4.063155390790076371e-01
7.068583470577034511e-01 4.217926549703949757e-01 4.218006987596797375e-01 4.217884021925761839e-01
7.225663103256524389e-01 4.373432553657765065e-01 4.373531692941626248e-01 4.373395143548757247e-01
7.382742735936013156e-01 4.529561927880665362e-01 4.529661440549195284e-01 4.529516155507933295e-01
7.539822368615504145e-01 4.686151094054773480e-01 4.686269157331474089e-01 4.686114786298100077e-01
7.696902001294992912e-01 4.843054216717600502e-01 4.843158612650774741e-01 4.843023809930922519e-01
7.853981633974482790e-01 5.000116819227641285e-01 5.000212399218064707e-01 5.000068489221497492e-01
8.011061266653972668e-01 5.157172516820663910e-01 5.157262417172486790e-01 5.157133881595489244e-01
8.168140899333461435e-01 5.314075972118690316e-01 5.314190337161716071e-01 5.314032614269976751e-01
8.325220532012952424e-01 5.470667835716573890e-01 5.470765502556529380e-01 5.470619453833355239e-01
8.482300164692441191e-01 5.626792874845312209e-01 5.626914342157112170e-01 5.626739827883402434e-01
8.639379797371931069e-01 5.782297342474007618e-01 5.782407240378537594e-01 5.782257098355443325e-01
8.796459430051420947e-01 5.937035621389444850e-01 5.937148475448372764e-01 5.936992414994838319e-01
8.953539062730909714e-01 6.090846377467205031e-01 6.090958416891832927e-01 6.090802866486741962e-01
9.110618695410400703e-01 6.243581242329779846e-01 6.243719857714697952e-01 6.243523924511634737e-01
9.267698328089889470e-01 6.395094131335672394e-01 6.395208863019933299e-01 6.395028209287725307e-01
9.424777960769378238e-01 6.545225075332602449e-01 6.545351412698408033e-01 6.545170309852624824e-01
9.581857593448869226e-01 6.693831093620903339e-01 6.693966184654032148e-01 6.693770608498097463e-01
9.738937226128359104e-01 6.840765342353616330e-01 6.840892244406826528e-01 6.840703321698093919e-01
9.896016858807848982e-01 6.985881991926292667e-01 6.986016075098081535e-01 6.985814656625304320e-01
1.005309649148733886e+00 7.129036130633729096e-01 7.129166776013191598e-01 7.128979500872208996e-01
1.021017612416682763e+00 7.270093648913966700e-01 7.270240667133200940e-01 7.270029350723798967e-01
1.036725575684631639e+00 7.408910737306371175e-01 7.409038510762416818e-01 7.408856219370969498e-01
1.052433538952580738e+00 7.545348706535017769e-01 7.545467590988917950e-01 7.545292926254822952e-01
1.068141502220529615e+00 7.679278794331191316e-01 7.679395882788209171e-01 7.679217031184165654e-01
1.083849465488478492e+00 7.810561995249644118e-01 7.810687549024419862e-01 7.810502523123090679e-01
1.099557428756427591e+00 7.939069912118824623e-01 7.939188474181452237e-01 7.939008101824183150e-01
1.115265392024376467e+00 8.064677483612071596e-01 8.064804830508671696e-01 8.064610970677792423e-01
1.130973355292325566e+00 8.187260707679401284e-01 8.187389074375530651e-01 8.187199809259928518e-01
1.146681318560274443e+00 8.306696326331641789e-01 8.306814140518543610e-01 8.306638175703805471e-01
1.162389281828223320e+00 8.422870809482119192e-01 8.422989879387892120e-01 8.422809177214112264e-01
1.178097245096172418e+00 8.535668944885592690e-01 8.535785620916449545e-01 8.535601284214581197e-01
1.193805208364121295e+00 8.644975419396774274e-01 8.645079996200706329e-01 8.644912311751965506e-01
1.209513171632070394e+00 8.750686740315052337e-01 8.750790654053781648e-01 8.750623145335700848e-01
1.225221134900019271e+00 8.852695724190940973e-01 8.852801815066673186e-01 8.852632207486743621e-01
1.240929098167968148e+00 8.950900708165586694e-01 8.951008070857116028e-01 8.950841836581686639e-01
1.256637061435917246e+00 9.045206583765580399e-01 9.045310253356657615e-01 9.045150002172179793e-01
1.272345024703866123e+00 9.135520723590284664e-01 9.135619530182937931e-01 9.135463415708723334e-01
1.288052987971815222e+00 9.221752728179067882e-01 9.221847925141575253e-01 9.221697405162039285e-01
1.303760951239764099e+00 9.303818624822592920e-01 9.303910964397920091e-01 9.303765918193614981e-01
1.319468914507712975e+00 9.381638900397563097e-01 9.381725091658814630e-01 9.381591115025180727e-01
1.335176877775662074e+00 9.455133381647892188e-01 9.455214712821919942e-01 9.455087041779411949e-01
1.350884841043610951e+00 9.524231481987182057e-01 9.524309770998280467e-01 9.524185512934395526e-01
1.366592804311560050e+00 9.588864722792088680e-01 9.588939167609383807e-01 9.588820451009074652e-01
1.382300767579508927e+00 9.648968009919934863e-01 9.649039410168303021e-01 9.648926771371548750e-01
1.398008730847457803e+00 9.704483144198180478e-01 9.704551247837256422e-01 9.704444871430190078e-01
1.413716694115406902e+00 9.755355678673137687e-01 9.755415936289510981e-01 9.755319903557060357e-01
1.429424657383355779e+00 9.801535222788088086e-01 9.801590818654888349e-01 9.801501502009553057e-01
1.445132620651304878e+00 9.842975763449720583e-01 9.843027047473037472e-01 9.842945888962220113e-01
1.460840583919253755e+00 9.879637621493555510e-01 9.879683048144018986e-01 9.879610740818814962e-01
1.476548547187202631e+00 9.911483180735547460e-01 9.911521131664891016e-01 9.911459236639164061e-01
1.492256510455151730e+00 9.938481027584612493e-01 9.938513148276360010e-01 9.938461202008981310e-01
1.507964473723100829e+00 9.960605168774063767e-01 9.960631124512575596e-01 9.960589188045400055e-01
1.523672436991049706e+00 9.977833756003042787e-01 9.977853207658476942e-01 9.977821681803115128e-01
1.539380400258998582e+00 9.990149678872578543e-01 9.990162735706764607e-01 9.990141627308308792e-01
1.555088363526947459e+00 9.997540862854824573e-01 9.997547381789999577e-01 9.997536819079995141e-01
1.570796326794896558e+00 9.999999990515627823e-01 9.999999975872108093e-01 9.999999994255011071e-01
1.586504290062845657e+00 9.997524670278632453e-01 9.997518111586932710e-01 9.997528685730965314e-01
1.602212253330794534e+00 9.990117385202617051e-01 9.990104241307767863e-01 9.990125281037647298e-01
1.617920216598743410e+00 9.977785364293750847e-01 9.977765677668514188e-01 9.977797278450526441e-01
1.633628179866692287e+00 9.960540729257342241e-01 9.960514595486535949e-01 9.960556776236164644e-01
1.649336143134641386e+00 9.938400635782268511e-01 9.938367578369944333e-01 9.938420547115816017e-01
1.665044106402590485e+00 9.911386722699456753e-01 9.911347296607538881e-01 9.911411175029408716e-01
1.680752069670539361e+00 9.879525930555326241e-01 9.879479281377472333e-01 9.879554407886572687e-01
1.696460032938488238e+00 9.842849336143332240e-01 9.842795019895941300e-01 9.842881212514413836e-01
1.712167996206437115e+00 9.801393875676996936e-01 9.801330860643414633e-01 9.801428779029733862e-01
1.727875959474386214e+00 9.755199786691539643e-01 9.755127450680977086e-01 9.755239341618993087e-01
1.743583922742335313e+00 9.704312606472946801e-01 9.704230831507335564e-01 9.704356727275862404e-01
1.759291886010284189e+00 9.648782605440351379e-01 9.648692084591498075e-01 9.648831029528048830e-01
1.774999849278233066e+00 9.588664427740212215e-01 9.588564089953111047e-01 9.588717702051359204e-01
1.790707812546181943e+00 9.524017823055715981e-01 9.523910462221633066e-01 9.524074394979583635e-01
1.806415775814130820e+00 9.454906458653073997e-01 9.454789228755986485e-01 9.454965367509229335e-01
1.822123739082080141e+00 9.381398462087269241e-01 9.381271925652885368e-01 9.381462551828356755e-01
1.837831702350029017e+00 9.303566333594180948e-01 9.303432293169670020e-01 9.303631540290621116e-01
1.853539665617977894e+00 9.221486892803887336e-01 9.221341197519803412e-01 9.221559018506009231e-01
1.869247628885926771e+00 9.135241314045891015e-01 9.135092640099595762e-01 9.135316063226123218e-01
1.884955592153875648e+00 9.044914806709294375e-01 9.044759234469784692e-01 9.044995173598326943e-01
1.900663555421824968e+00 8.950596314642577100e-01 8.950429146417384629e-01 8.950680593646426209e-01
1.916371518689773845e+00 8.852378834848495526e-01 8.852200190784201839e-01 8.852464628202254548e-01
1.932079481957722500e+00 8.750359291919678206e-01 8.750168751225698704e-01 8.750450469462297542e-01
1.947787445225671821e+00 8.644638466141898459e-01 8.644428701832265194e-01 8.644738598869665669e-01
1.963495408493620697e+00 8.535320978859777252e-01 8.535098346562788318e-01 8.535424450370014959e-01
1.979203371761569796e+00 8.422514497246372800e-01 8.422287732109950964e-01 8.422620736216623882e-01
1.994911335029518673e+00 8.306330198396149056e-01 8.306083985423398097e-01 8.306436479124391647e-01
2.010619298297467772e+00 8.186882707826037553e-01 8.186623136739987761e-01 8.186999532291960868e-01
2.026327261565416649e+00 8.064289944390183873e-01 8.064037509602115517e-01 8.064409474648321918e-01
2.042035224833365525e+00 7.938673247883973882e-01 7.938413771247254669e-01 7.938797830574577663e-01
2.057743188101314402e+00 7.810156514418997720e-01 7.809885663519273713e-01 7.810285249697266341e-01
2.073451151369263279e+00 7.678866334963582174e-01 7.678584516936172166e-01 7.678997257318567193e-01
2.089159114637212600e+00 7.544932196709192018e-01 7.544656397560983718e-01 7.545062361668898321e-01
2.104867077905161477e+00 7.408486295700168478e-01 7.408201023839275923e-01 7.408622763974211933e-01
2.120575041173110353e+00 7.269663515271970189e-01 7.269368879094891822e-01 7.269796772160925791e-01
2.136283004441059230e+00 7.128601096118778457e-01 7.128297360472216626e-01 7.128735302129531881e-01
2.151990967709008107e+00 6.985437931676310441e-01 6.985110980597931674e-01 6.985581181764247694e-01
2.167698930976956984e+00 6.840315161036543135e-01 6.839987132119239588e-01 6.840459150562070434e-01
2.183406894244906304e+00 6.693375992405541375e-01 6.693038853807325994e-01 6.693515914461731775e-01
2.199114857512855181e+00 6.544765539771554286e-01 6.544421147484298373e-01 6.544916236751439076e-01
2.214822820780804058e+00 6.394630902065889799e-01 6.394268527054703943e-01 6.394783158721277783e-01
2.230530784048752935e+00 6.243119994364507708e-01 6.242759354931943783e-01 6.243279858157727569e-01
2.246238747316702256e+00 6.090382108713721099e-01 6.090012468247661959e-01 6.090549204919583071e-01
2.261946710584651132e+00 5.936567924251887618e-01 5.936182619049062970e-01 5.936731577242470026e-01
2.277654673852600009e+00 5.781829282900203815e-01 5.781443628022099324e-01 5.781988524372686511e-01
2.293362637120548886e+00 5.626319265060606423e-01 5.625928621567488630e-01 5.626485770703530953e-01
2.309070600388497763e+00 5.470191393762708909e-01 5.469778168315224676e-01 5.470367846393274780e-01
2.324778563656446639e+00 5.313599415098678724e-01 5.313180284534999576e-01 5.313773431925923330e-01
2.340486526924395960e+00 5.156697752617618313e-01 5.156284948026564896e-01 5.156869694265253656e-01
2.356194490192344837e+00 4.999641267600232197e-01 4.999227976653764505e-01 4.999820765022988667e-01
2.371902453460293714e+00 4.842585151190249571e-01 4.842160934265791750e-01 4.842757627008699717e-01
2.387610416728242591e+00 4.685684766493167785e-01 4.685278062283662059e-01 4.685855358600394260e-01
2.403318379996191911e+00 4.529094607754082791e-01 4.528673772907488848e-01 4.529258069832472478e-01
2.419026343264140788e+00 4.372969023944508482e-01 4.372540794324917823e-01 4.373130944855806446e-01
2.434734306532089665e+00 4.217462071741023832e-01 4.217027732186957589e-01 4.217639687408749061e-01
2.450442269800038542e+00 4.062727295089219037e-01 4.062295045971133223e-01 4.062904230017926888e-01
2.466150233067987418e+00 3.908917853963075340e-01 3.908513328053657698e-01 3.909091916332744221e-01
2.481858196335936295e+00 3.756185370285997638e-01 3.755771073136667804e-01 3.756354028743270623e-01
2.497566159603885616e+00 3.604680302364654532e-01 3.604292225912785197e-01 3.604856350525619257e-01
2.513274122871834493e+00 3.454552098365463175e-01 3.454156509910216166e-01 3.454729391995918220e-01
2.528982086139783370e+00 3.305948958704945650e-01 3.305551349621059787e-01 3.306126074779122681e-01
2.544690049407732246e+00 3.159017819193848386e-01 3.158617833215722759e-01 3.159186149047757963e-01
2.560398012675681567e+00 3.013903862750962337e-01 3.013503533370427423e-01 3.014074051637049001e-01
2.576105975943630444e+00 2.870749962106611264e-01 2.870373627152610352e-01 2.870921736728430096e-01
2.591813939211579321e+00 2.729697267931624483e-01 2.729319266262451027e-01 2.729860512385212656e-01
2.607521902479528197e+00 2.590884992998752634e-01 2.590524623708282959e-01 2.591044538369542405e-01
2.623229865747477074e+00 2.454450254589226055e-01 2.454089031050889769e-01 2.454612533380666206e-01
2.638937829015425951e+00 2.320528071498363654e-01 2.320172980133406448e-01 2.320698376063376478e-01
2.654645792283375272e+00 2.189250340922592741e-01 2.188893674594502570e-01 2.189415108943876531e-01
2.670353755551324149e+00 2.060746434201892185e-01 2.060410315814177606e-01 2.060910220317152541e-01
2.686061718819273025e+00 1.935143143678562383e-01 1.934817047123948974e-01 1.935304661760676170e-01
2.701769682087221902e+00 1.812564478285654257e-01 1.812235525413420645e-01 1.812712840825593252e-01
2.717477645355171223e+00 1.693131728304683170e-01 1.692806666640666868e-01 1.693280266658477862e-01
2.733185608623120100e+00 1.576962725307496371e-01 1.576645818441021474e-01 1.577110596922352004e-01
2.748893571891068976e+00 1.464171873894301035e-01 1.463862831105522955e-01 1.464315012790145532e-01
2.764601535159017853e+00 1.354870421790625445e-01 1.354570528615143821e-01 1.355012118798052390e-01
2.780309498426966730e+00 1.249166266549028986e-01 1.248877009979768166e-01 1.249298672400661891e-01
2.796017461694915607e+00 1.147163881529850993e-01 1.146881622466858208e-01 1.147292981237196252e-01
2.811725424962864484e+00 1.048964125388094776e-01 1.048689500292419863e-01 1.049089835154799200e-01
2.827433388230813804e+00 9.546636723890149223e-02 9.543965739261194015e-02 9.547870806979755209e-02
2.843141351498762681e+00 8.643554883026745295e-02 8.641004535928319130e-02 8.644733290834873130e-02
2.858849314766711558e+00 7.781287024216147763e-02 7.778863747970060638e-02 7.782446925715333363e-02
2.874557278034660879e+00 6.960684720347026788e-02 6.958348316089932317e-02 6.961779235585553727e-02
2.890265241302609756e+00 6.182560146762897113e-02 6.180300191922973724e-02 6.183612632472406528e-02
2.905973204570558632e+00 5.447679931823113525e-02 5.445518338356484384e-02 5.448689332670943186e-02
2.921681167838507509e+00 4.756768096424421333e-02 4.754754652696292772e-02 4.757703718845066043e-02
2.937389131106456386e+00 4.110506339586332547e-02 4.108618517462332004e-02 4.111379396523797553e-02
2.953097094374405263e+00 3.509532777465091541e-02 3.507761666131314904e-02 3.510346943232178774e-02
2.968805057642354139e+00 2.954441766740859704e-02 2.952791860812853039e-02 2.955206479222736993e-02
2.984513020910303460e+00 2.445781382747351865e-02 2.444283060316151598e-02 2.446472144005926164e-02
3.000220984178252337e+00 1.984052363301690852e-02 1.982705441126440121e-02 1.984678437600071940e-02
3.015928947446201658e+00 1.569710110729108377e-02 1.568492955448392082e-02 1.570268329919578820e-02
3.031636910714150535e+00 1.203163726788184298e-02 1.202082541539816092e-02 1.203660908837780180e-02
3.047344873982099411e+00 8.847754202431157983e-03 8.838514200212199690e-03 8.852002542072207741e-03
3.063052837250048288e+00 6.148600687163630410e-03 6.140903508896932914e-03 6.152160996881683372e-03
3.078760800517997165e+00 3.936832833428792477e-03 3.930591901639473792e-03 3.939678720401334350e-03
3.094468763785946042e+00 2.214630975120201583e-03 2.209951671477142915e-03 2.216801896667515426e-03
3.110176727053894918e+00 9.836960038284469406e-04 9.805798540795268060e-04 9.851498266419153431e-04
3.125884690321843795e+00 2.452447494781377938e-04 2.436918038726581723e-04 2.459726178801231061e-04
3.141592653589793116e+00 7.200370545692149035e-09 1.000229118378510206e-08 2.091310676054990389e-09
